"org" "year" "survey" "bush" "state" "edu" "age" "female" "black" "weight"
"11352" "cbsnyt" 7 "9158" NA 7 3 1 1 0 923
"11353" "cbsnyt" 7 "9158" 1 39 4 2 1 0 558
"11354" "cbsnyt" 7 "9158" 0 31 2 4 1 0 448
"11355" "cbsnyt" 7 "9158" 0 7 3 1 1 0 923
"11356" "cbsnyt" 7 "9158" 1 33 2 2 1 0 403
"11357" "cbsnyt" 7 "9158" 1 33 4 4 1 0 317
"11358" "cbsnyt" 7 "9158" 1 39 2 2 0 0 1532
"11359" "cbsnyt" 7 "9158" 1 20 2 4 1 0 896
"11360" "cbsnyt" 7 "9158" 0 33 4 3 0 0 884
"11361" "cbsnyt" 7 "9158" 0 40 1 3 0 0 4091
"11362" "cbsnyt" 7 "9158" 0 31 4 2 1 0 279
"11363" "cbsnyt" 7 "9158" 1 33 3 4 1 0 1212
"11364" "cbsnyt" 7 "9158" 1 33 4 2 1 0 279
"11365" "cbsnyt" 7 "9158" 0 31 4 2 1 0 558
"11366" "cbsnyt" 7 "9158" 0 22 4 2 1 0 558
"11367" "cbsnyt" 7 "9158" NA 7 2 1 1 1 1654
"11368" "cbsnyt" 7 "9158" 1 31 2 4 0 0 568
"11369" "cbsnyt" 7 "9158" 1 39 1 4 0 0 2691
"11370" "cbsnyt" 7 "9158" 0 31 2 1 1 0 560
"11371" "cbsnyt" 7 "9158" 0 33 3 2 0 0 768
"11372" "cbsnyt" 7 "9158" 0 33 3 4 1 0 541
"11373" "cbsnyt" 7 "9158" 0 7 2 1 0 0 1422
"11374" "cbsnyt" 7 "9158" 1 39 2 3 0 0 1069
"11375" "cbsnyt" 7 "9158" 0 33 4 2 0 0 708
"11376" "cbsnyt" 7 "9158" 1 33 4 2 0 0 708
"11377" "cbsnyt" 7 "9158" 0 22 4 3 1 0 697
"11378" "cbsnyt" 7 "9158" 1 31 2 1 0 0 711
"11379" "cbsnyt" 7 "9158" 1 31 4 3 1 0 697
"11380" "cbsnyt" 7 "9158" 0 31 3 4 1 0 361
"11381" "cbsnyt" 7 "9158" 0 22 1 2 0 0 2336
"11382" "cbsnyt" 7 "9158" 0 33 2 3 1 0 843
"11383" "cbsnyt" 7 "9158" 0 44 1 4 0 0 2642
"11384" "cbsnyt" 7 "9158" 0 22 3 2 0 0 384
"11385" "cbsnyt" 7 "9158" 0 39 4 2 0 0 708
"11386" "cbsnyt" 7 "9158" 0 33 3 1 0 0 2341
"11387" "cbsnyt" 7 "9158" 0 10 2 2 1 0 790
"11388" "cbsnyt" 7 "9158" 1 31 1 4 1 0 1061
"11389" "cbsnyt" 7 "9158" 1 4 2 3 1 0 1655
"11390" "cbsnyt" 7 "9158" 1 31 2 3 1 0 421
"11391" "cbsnyt" 7 "9158" 0 44 4 3 0 0 868
"11392" "cbsnyt" 7 "9158" 1 14 2 2 1 0 804
"11393" "cbsnyt" 7 "9158" 1 41 4 3 0 0 868
"11394" "cbsnyt" 7 "9158" 1 22 4 1 1 0 664
"11395" "cbsnyt" 7 "9158" 1 10 1 1 0 0 1396
"11396" "cbsnyt" 7 "9158" 1 41 4 2 1 0 548
"11397" "cbsnyt" 7 "9158" 1 39 3 1 0 0 585
"11398" "cbsnyt" 7 "9158" 1 41 4 2 1 0 548
"11399" "cbsnyt" 7 "9158" 1 19 2 3 0 0 1574
"11400" "cbsnyt" 7 "9158" 0 14 2 2 1 0 804
"11401" "cbsnyt" 7 "9158" NA 10 2 4 1 0 880
"11402" "cbsnyt" 7 "9158" 0 47 4 2 1 0 274
"11403" "cbsnyt" 7 "9158" 0 37 1 3 1 0 1056
"11404" "cbsnyt" 7 "9158" 0 22 4 1 1 0 664
"11405" "cbsnyt" 7 "9158" 1 31 1 3 1 0 1075
"11406" "cbsnyt" 7 "9158" 0 11 3 2 1 0 595
"11407" "cbsnyt" 7 "9158" 1 36 3 1 0 0 1169
"11408" "cbsnyt" 7 "9158" 1 24 2 2 0 0 510
"11409" "cbsnyt" 7 "9158" 1 19 2 2 1 0 790
"11410" "cbsnyt" 7 "9158" 1 7 3 2 0 0 768
"11411" "cbsnyt" 7 "9158" 1 25 4 1 0 0 826
"11412" "cbsnyt" 7 "9158" 0 9 4 2 1 1 809
"11413" "cbsnyt" 7 "9158" 0 47 1 4 1 0 1042
"11414" "cbsnyt" 7 "9158" 0 17 1 4 0 0 1344
"11415" "cbsnyt" 7 "9158" 0 26 2 2 1 0 402
"11416" "cbsnyt" 7 "9158" 0 49 2 2 1 0 790
"11417" "cbsnyt" 7 "9158" 1 14 4 2 0 0 707
"11418" "cbsnyt" 7 "9158" 0 18 3 2 1 0 595
"11419" "cbsnyt" 7 "9158" 0 21 4 2 1 0 274
"11420" "cbsnyt" 7 "9158" NA 50 4 2 1 0 558
"11421" "cbsnyt" 7 "9158" 1 37 4 3 1 0 342
"11422" "cbsnyt" 7 "9158" 1 41 2 1 0 1 4446
"11423" "cbsnyt" 7 "9158" 1 11 3 1 1 0 906
"11424" "cbsnyt" 7 "9158" 1 43 3 2 1 0 595
"11425" "cbsnyt" 7 "9158" 0 14 4 3 0 0 221
"11426" "cbsnyt" 7 "9158" 1 33 2 1 0 0 2132
"11427" "cbsnyt" 7 "9158" 1 25 2 1 0 0 698
"11428" "cbsnyt" 7 "9158" 1 49 3 2 1 0 595
"11429" "cbsnyt" 7 "9158" 1 19 4 2 1 0 548
"11430" "cbsnyt" 7 "9158" 1 25 2 3 1 0 827
"11431" "cbsnyt" 7 "9158" NA 47 2 3 1 0 827
"11432" "cbsnyt" 7 "9158" NA 41 1 3 1 0 1056
"11433" "cbsnyt" 7 "9158" 1 44 4 2 0 0 695
"11434" "cbsnyt" 7 "9158" 1 43 1 3 0 0 4017
"11435" "cbsnyt" 7 "9158" 1 47 3 2 0 0 755
"11436" "cbsnyt" 7 "9158" 0 14 2 2 0 0 1020
"11437" "cbsnyt" 7 "9158" NA 26 1 3 0 0 1362
"11438" "cbsnyt" 7 "9158" 1 19 2 4 1 0 440
"11439" "cbsnyt" 7 "9158" 1 17 1 1 0 0 2130
"11440" "cbsnyt" 7 "9158" 1 34 1 3 1 0 2111
"11441" "cbsnyt" 7 "9158" 1 11 2 3 0 0 525
"11442" "cbsnyt" 7 "9158" 1 44 4 1 1 0 977
"11443" "cbsnyt" 7 "9158" 1 24 4 1 0 0 841
"11444" "cbsnyt" 7 "9158" 1 10 2 1 1 1 2436
"11445" "cbsnyt" 7 "9158" 0 10 4 4 1 0 623
"11446" "cbsnyt" 7 "9158" 1 14 2 1 1 0 1120
"11447" "cbsnyt" 7 "9158" 0 36 3 1 0 0 1169
"11448" "cbsnyt" 7 "9158" 0 41 2 1 0 0 2094
"11449" "cbsnyt" 7 "9158" 0 11 1 3 0 0 2678
"11450" "cbsnyt" 7 "9158" 0 44 3 3 1 1 249
"11451" "cbsnyt" 7 "9158" 0 11 2 1 1 0 1101
"11452" "cbsnyt" 7 "9158" 1 10 3 2 0 0 755
"11453" "cbsnyt" 7 "9158" 0 44 4 2 0 0 348
"11454" "cbsnyt" 7 "9158" 0 14 4 2 1 0 418
"11455" "cbsnyt" 7 "9158" 0 50 3 3 0 0 872
"11456" "cbsnyt" 7 "9158" 0 44 2 4 1 1 649
"11457" "cbsnyt" 7 "9158" 0 21 2 2 0 0 1003
"11458" "cbsnyt" 7 "9158" 1 21 4 3 0 0 868
"11459" "cbsnyt" 7 "9158" 0 43 2 4 1 0 440
"11460" "cbsnyt" 7 "9158" 0 18 2 1 1 0 1101
"11461" "cbsnyt" 7 "9158" 0 23 2 1 0 0 1420
"11462" "cbsnyt" 7 "9158" 1 26 2 2 1 0 1206
"11463" "cbsnyt" 7 "9158" 1 47 1 2 0 0 2294
"11464" "cbsnyt" 7 "9158" 1 19 3 2 1 0 446
"11465" "cbsnyt" 7 "9158" NA 24 2 1 1 0 1120
"11466" "cbsnyt" 7 "9158" 0 10 2 1 0 0 1396
"11467" "cbsnyt" 7 "9158" 1 34 4 3 0 0 868
"11468" "cbsnyt" 7 "9158" 1 44 2 3 1 0 827
"11469" "cbsnyt" 7 "9158" 0 10 2 2 0 1 1597
"11470" "cbsnyt" 7 "9158" 1 15 4 3 1 0 1392
"11471" "cbsnyt" 7 "9158" NA 4 2 4 0 0 558
"11472" "cbsnyt" 7 "9158" 1 25 3 1 0 0 1724
"11473" "cbsnyt" 7 "9158" 0 23 2 4 1 0 448
"11474" "cbsnyt" 7 "9158" 0 44 3 1 1 0 906
"11475" "cbsnyt" 7 "9158" 1 34 2 2 1 0 790
"11476" "cbsnyt" 7 "9158" 1 34 1 1 1 0 550
"11477" "cbsnyt" 7 "9158" 1 44 1 4 1 0 1042
"11478" "cbsnyt" 7 "9158" 1 47 3 1 1 0 906
"11479" "cbsnyt" 7 "9158" 1 49 1 3 1 0 2111
"11480" "cbsnyt" 7 "9158" 1 18 1 2 0 0 2294
"11481" "cbsnyt" 7 "9158" 1 10 1 2 0 0 1147
"11482" "cbsnyt" 7 "9158" 0 23 2 2 1 1 1187
"11483" "cbsnyt" 7 "9158" 0 10 2 2 0 0 501
"11484" "cbsnyt" 7 "9158" 0 24 1 4 0 0 5376
"11485" "cbsnyt" 7 "9158" 0 44 1 1 0 0 698
"11486" "cbsnyt" 7 "9158" 1 14 4 3 1 0 348
"11487" "cbsnyt" 7 "9158" 0 49 2 2 1 0 790
"11488" "cbsnyt" 7 "9158" NA 24 2 4 1 0 448
"11489" "cbsnyt" 7 "9158" 0 10 2 2 0 1 798
"11490" "cbsnyt" 7 "9158" 1 43 2 4 1 0 880
"11491" "cbsnyt" 7 "9158" 1 3 3 2 1 0 996
"11492" "cbsnyt" 7 "9158" 0 13 4 2 1 0 612
"11493" "cbsnyt" 7 "9158" 0 44 4 3 1 0 684
"11494" "cbsnyt" 7 "9158" 1 14 4 4 1 0 634
"11495" "cbsnyt" 7 "9158" 1 44 4 4 1 0 623
"11496" "cbsnyt" 7 "9158" 1 36 2 2 1 0 804
"11497" "cbsnyt" 7 "9158" 1 25 4 2 1 0 548
"11498" "cbsnyt" 7 "9158" 1 49 1 4 1 0 2083
"11499" "cbsnyt" 7 "9158" 0 47 4 3 1 0 684
"11500" "cbsnyt" 7 "9158" 1 48 2 2 1 0 882
"11501" "cbsnyt" 7 "9158" 1 10 4 3 0 0 434
"11502" "cbsnyt" 7 "9158" 0 16 4 1 1 0 331
"11503" "cbsnyt" 7 "9158" 0 41 3 1 0 0 1724
"11504" "cbsnyt" 7 "9158" 1 44 4 4 0 0 790
"11505" "cbsnyt" 7 "9158" 1 36 3 1 0 0 1169
"11506" "cbsnyt" 7 "9158" 1 24 3 1 1 0 922
"11507" "cbsnyt" 7 "9158" 1 48 1 3 1 0 2357
"11508" "cbsnyt" 7 "9158" 1 36 3 1 1 0 922
"11509" "cbsnyt" 7 "9158" 1 14 3 3 1 0 1032
"11510" "cbsnyt" 7 "9158" 1 10 3 1 0 0 1724
"11511" "cbsnyt" 7 "9158" 1 28 1 4 1 0 2119
"11512" "cbsnyt" 7 "9158" 1 5 4 2 0 0 388
"11513" "cbsnyt" 7 "9158" 0 24 2 3 0 0 1601
"11514" "cbsnyt" 7 "9158" 0 8 2 2 0 0 501
"11515" "cbsnyt" 7 "9158" 0 5 3 2 1 0 1328
"11516" "cbsnyt" 7 "9158" 0 23 2 2 1 0 804
"11517" "cbsnyt" 7 "9158" 0 28 2 1 1 0 1679
"11518" "cbsnyt" 7 "9158" 1 35 4 2 0 0 707
"11519" "cbsnyt" 7 "9158" 0 5 3 1 1 0 1012
"11520" "cbsnyt" 7 "9158" 0 3 1 3 1 0 2357
"11521" "cbsnyt" 7 "9158" 1 10 4 2 0 0 695
"11522" "cbsnyt" 7 "9158" 1 48 2 1 0 0 1558
"11523" "cbsnyt" 7 "9158" 1 28 4 1 1 0 1326
"11524" "cbsnyt" 7 "9158" 1 44 4 3 0 0 651
"11525" "cbsnyt" 7 "9158" 0 23 3 1 0 0 1169
"11526" "cbsnyt" 7 "9158" 1 14 2 1 1 0 1120
"11527" "cbsnyt" 7 "9158" 0 26 2 2 1 0 402
"11528" "cbsnyt" 7 "9158" 1 23 4 1 1 0 994
"11529" "cbsnyt" 7 "9158" 0 18 2 3 1 0 414
"11530" "cbsnyt" 7 "9158" 1 17 2 2 1 0 804
"11531" "cbsnyt" 7 "9158" 0 14 3 2 1 1 1339
"11532" "cbsnyt" 7 "9158" 0 23 4 3 1 0 348
"11533" "cbsnyt" 7 "9158" 1 5 2 3 0 0 586
"11534" "cbsnyt" 7 "9158" 0 14 2 1 0 0 1420
"11535" "cbsnyt" 7 "9158" 0 5 2 3 1 0 924
"11536" "cbsnyt" 7 "9158" 0 5 3 2 1 0 332
"11537" "cbsnyt" 7 "9158" 0 14 3 3 1 0 2063
"11538" "cbsnyt" 7 "9158" 1 5 3 4 0 0 1003
"11539" "cbsnyt" 7 "9158" 0 32 4 3 1 0 382
"11540" "cbsnyt" 7 "9158" NA 24 2 4 1 0 895
"11541" "cbsnyt" 7 "9158" 1 36 3 2 1 0 605
"11542" "cbsnyt" 7 "9158" 0 5 3 3 1 0 377
"11543" "cbsnyt" 7 "9158" 0 48 2 4 1 0 491
"11544" "cbsnyt" 7 "9158" NA 50 2 1 1 0 1120
"11545" "cbsnyt" 7 "9158" NA 5 4 2 0 0 388
"11546" "cbsnyt" 7 "9158" 0 17 4 2 0 0 354
"11547" "cbsnyt" 7 "9158" 0 48 3 1 1 0 1012
"11548" "cbsnyt" 7 "9158" 1 48 3 3 1 0 755
"11549" "cbsnyt" 7 "9158" 0 5 4 2 0 0 776
"11550" "cbsnyt" 7 "9158" 1 5 3 3 0 0 718
"11551" "cbsnyt" 7 "9158" 1 5 2 1 0 0 1558
"11552" "cbsnyt" 7 "9158" 0 32 3 2 1 0 332
"11553" "cbsnyt" 7 "9158" 0 38 4 2 0 0 776
"11554" "cbsnyt" 7 "9158" 0 36 2 3 1 0 842
"11555" "cbsnyt" 7 "9158" 1 5 4 2 0 0 776
"11556" "cbsnyt" 7 "9158" 1 50 3 2 0 0 768
"11557" "cbsnyt" 7 "9158" 0 5 2 4 0 0 1246
"11558" "cbsnyt" 7 "9158" 1 32 2 3 0 0 1171
"11559" "cbsnyt" 7 "9158" 1 5 2 4 1 0 983
"11560" "cbsnyt" 7 "9158" 1 48 3 4 1 0 396
"11561" "cbsnyt" 7 "9158" 0 5 3 2 0 0 842
"11562" "cbsnyt" 7 "9158" 1 5 4 3 0 0 727
"11563" "cbsnyt" 7 "9158" 1 45 4 3 0 0 1454
"11564" "cbsnyt" 7 "9158" 1 45 3 1 1 0 1012
"11565" "cbsnyt" 7 "9158" 1 5 2 3 1 0 2309
"11566" "cbsnyt" 7 "9158" 1 44 4 2 1 1 809
"11567" "cbsnyt" 7 "9158" 1 5 3 2 1 0 664
"11568" "cbsnyt" 7 "9158" 0 22 4 2 0 0 1062
"11569" "cbsnyt" 7 "9158" 0 31 2 2 0 0 511
"11570" "cbsnyt" 7 "9158" 0 31 4 1 1 0 1659
"11571" "cbsnyt" 7 "9158" 1 43 3 2 1 0 297
"11572" "cbsnyt" 7 "9158" 1 10 4 2 0 0 348
"11573" "cbsnyt" 7 "9158" 0 5 2 3 1 0 462
"11574" "cbsnyt" 7 "9158" 0 36 3 4 1 0 721
"11575" "cbsnyt" 7 "9158" 1 5 2 2 1 0 882
"11576" "cbsnyt" 7 "9158" 1 33 1 1 0 0 1422
"11577" "cbsnyt" 7 "9158" 1 36 2 1 0 0 1420
"11578" "cbsnyt" 7 "9158" 1 5 3 2 1 0 664
"11579" "cbsnyt" 7 "9158" 0 14 4 1 0 1 669
"11580" "cbsnyt" 7 "9158" 0 41 2 1 0 0 1396
"11581" "cbsnyt" 7 "9158" 0 48 3 3 1 0 377
"11582" "cbsnyt" 7 "9158" 1 5 4 2 0 0 776
"11583" "cbsnyt" 7 "9158" 1 23 4 3 1 0 348
"11584" "cbsnyt" 7 "9158" 0 33 4 1 0 0 842
"11585" "cbsnyt" 7 "9158" 1 50 4 2 1 0 558
"11586" "cbsnyt" 7 "9158" 0 36 2 2 1 0 804
"11587" "cbsnyt" 7 "9158" 0 36 2 1 1 0 1120
"11588" "cbsnyt" 7 "9158" 0 33 4 3 0 0 884
"11589" "cbsnyt" 7 "9158" 1 47 3 3 1 0 676
"11590" "cbsnyt" 7 "9158" 0 40 3 2 1 0 606
"11591" "cbsnyt" 7 "9158" 1 14 4 2 1 0 279
"11592" "cbsnyt" 7 "9158" 1 36 2 1 1 0 1120
"11593" "cbsnyt" 7 "9158" 1 5 2 2 0 0 1119
"11594" "cbsnyt" 7 "9158" 0 22 4 3 1 0 1045
"11595" "cbsnyt" 7 "9158" 1 5 2 1 1 0 1229
"11596" "cbsnyt" 7 "9158" 1 38 2 2 0 0 1679
"11597" "cbsnyt" 7 "9158" NA 11 3 2 0 0 755
"11598" "cbsnyt" 7 "9158" 0 40 1 4 1 0 1061
"11599" "cbsnyt" 7 "9158" 1 3 2 3 0 0 1171
"11600" "cbsnyt" 7 "9158" 1 50 4 1 1 0 663
"11601" "cbsnyt" 7 "9158" NA 24 2 4 1 0 448
"11602" "cbsnyt" 7 "9158" 1 45 4 2 0 0 776
"11603" "cbsnyt" 7 "9158" 1 24 2 1 0 0 1420
"11604" "cbsnyt" 7 "9158" 1 36 2 4 0 0 1136
"11605" "cbsnyt" 7 "9158" 0 16 2 3 1 0 842
"11606" "cbsnyt" 7 "9158" 0 20 4 1 0 0 421
"11607" "cbsnyt" 7 "9158" 0 44 4 1 0 0 1653
"11608" "cbsnyt" 7 "9158" 1 32 3 2 1 0 332
"11609" "cbsnyt" 7 "9158" 1 50 2 2 1 0 402
"11610" "cbsnyt" 7 "9158" 0 3 2 3 1 0 1385
"11611" "cbsnyt" 7 "9158" 0 23 2 3 1 0 421
"11612" "cbsnyt" 7 "9158" 0 24 3 2 1 0 605
"11613" "cbsnyt" 7 "9158" NA 5 3 1 0 0 642
"11614" "cbsnyt" 7 "9158" 1 22 4 3 0 0 884
"11615" "cbsnyt" 7 "9158" 1 6 3 2 1 0 664
"11616" "cbsnyt" 7 "9158" 1 31 4 2 1 0 837
"11617" "cbsnyt" 7 "9158" 1 47 3 1 0 0 1150
"11618" "cbsnyt" 7 "9158" 1 24 3 1 1 0 461
"11619" "cbsnyt" 7 "9158" 1 21 3 1 1 0 906
"11620" "cbsnyt" 7 "9158" 1 49 2 3 0 0 1049
"11621" "cbsnyt" 7 "9158" 1 23 2 2 0 0 1020
"11622" "cbsnyt" 7 "9158" 0 6 4 2 1 0 612
"11623" "cbsnyt" 7 "9158" 0 31 2 3 1 0 843
"11624" "cbsnyt" 7 "9158" 1 48 3 1 1 0 506
"11625" "cbsnyt" 7 "9158" 1 17 3 1 1 0 461
"11626" "cbsnyt" 7 "9158" 1 37 3 1 0 0 575
"11627" "cbsnyt" 7 "9158" 1 36 2 3 1 0 421
"11628" "cbsnyt" 7 "9158" 1 36 4 3 1 0 1044
"11629" "cbsnyt" 7 "9158" 0 5 4 2 0 0 388
"11630" "cbsnyt" 7 "9158" 0 33 4 2 0 1 564
"11631" "cbsnyt" 7 "9158" 0 43 3 1 0 1 1831
"11632" "cbsnyt" 7 "9158" 0 19 2 1 0 1 2223
"11633" "cbsnyt" 7 "9158" 0 26 4 1 0 0 420
"11634" "cbsnyt" 7 "9158" 1 43 2 3 0 0 1049
"11635" "cbsnyt" 7 "9158" 0 19 3 2 0 1 1202
"11636" "cbsnyt" 7 "9158" 1 31 3 1 0 0 1171
"11637" "cbsnyt" 7 "9158" 0 10 2 4 1 0 440
"11638" "cbsnyt" 7 "9158" 1 39 4 3 0 0 884
"11639" "cbsnyt" 7 "9158" 0 43 4 2 1 0 548
"11640" "cbsnyt" 7 "9158" 1 22 2 1 1 0 1121
"11641" "cbsnyt" 7 "9158" 0 23 4 2 1 0 558
"11642" "cbsnyt" 7 "9158" 1 11 2 3 1 0 1655
"11643" "cbsnyt" 7 "9158" 0 14 1 3 1 0 2148
"11644" "cbsnyt" 7 "9158" 1 41 2 1 0 1 1112
"11645" "cbsnyt" 7 "9158" 1 34 3 3 1 0 507
"11646" "cbsnyt" 7 "9158" 0 14 2 1 0 0 1420
"11647" "cbsnyt" 7 "9158" 0 49 3 2 0 0 377
"11648" "cbsnyt" 7 "9158" 0 10 1 1 0 0 1396
"11649" "cbsnyt" 7 "9158" 0 23 4 3 0 0 442
"11650" "cbsnyt" 7 "9158" 0 22 2 2 1 0 1208
"11651" "cbsnyt" 7 "9158" 0 50 4 1 0 0 841
"11652" "cbsnyt" 7 "9158" 0 33 2 2 0 0 1021
"11653" "cbsnyt" 7 "9158" 0 43 2 3 1 0 1241
"11654" "cbsnyt" 7 "9158" 0 4 2 4 0 0 1116
"11655" "cbsnyt" 7 "9158" 1 36 2 2 1 0 402
"11656" "cbsnyt" 7 "9158" 0 11 1 3 1 1 4673
"11657" "cbsnyt" 7 "9158" 0 23 2 2 1 0 804
"11658" "cbsnyt" 7 "9158" 1 10 3 3 1 0 169
"11659" "cbsnyt" 7 "9158" 0 22 3 1 1 0 1846
"11660" "cbsnyt" 7 "9158" 0 39 4 4 1 0 634
"11661" "cbsnyt" 7 "9158" 1 22 3 4 0 0 229
"11662" "cbsnyt" 7 "9158" 1 37 3 1 0 0 575
"11663" "cbsnyt" 7 "9158" 1 14 3 2 1 0 605
"11664" "cbsnyt" 7 "9158" 0 14 2 4 0 0 1136
"11665" "cbsnyt" 7 "9158" 0 24 3 1 1 0 461
"11666" "cbsnyt" 7 "9158" 0 39 2 2 0 0 1021
"11667" "cbsnyt" 7 "9158" 1 23 3 3 0 0 872
"11668" "cbsnyt" 7 "9158" 0 10 3 3 0 0 1286
"11669" "cbsnyt" 7 "9158" 1 11 4 2 1 0 548
"11670" "cbsnyt" 7 "9158" 0 23 3 2 0 0 768
"11671" "cbsnyt" 7 "9158" 0 39 2 1 1 0 1121
"11672" "cbsnyt" 7 "9158" 0 11 2 2 1 0 790
"11673" "cbsnyt" 7 "9158" 0 22 4 2 0 0 708
"11674" "cbsnyt" 7 "9158" 0 47 2 1 0 0 1396
"11675" "cbsnyt" 7 "9158" 0 22 2 1 0 0 1422
"11676" "cbsnyt" 7 "9158" 0 33 2 1 1 0 1121
"11677" "cbsnyt" 7 "9158" 0 14 1 1 0 0 2130
"11678" "cbsnyt" 7 "9158" 0 26 2 3 1 0 842
"11679" "cbsnyt" 7 "9158" 1 28 3 3 1 0 688
"11680" "cbsnyt" 7 "9158" 1 23 2 1 0 0 2130
"11681" "cbsnyt" 7 "9158" 1 31 4 2 0 0 1416
"11682" "cbsnyt" 7 "9158" 1 42 3 2 1 0 303
"11683" "cbsnyt" 7 "9158" 0 31 2 4 0 0 1137
"11684" "cbsnyt" 7 "9158" 1 44 1 4 1 0 2083
"11685" "cbsnyt" 7 "9158" 1 34 3 2 0 1 1202
"11686" "cbsnyt" 7 "9158" 1 11 3 1 0 0 1724
"11687" "cbsnyt" 7 "9158" 0 14 2 2 0 0 1020
"11688" "cbsnyt" 7 "9158" 0 33 2 1 0 1 3396
"11689" "cbsnyt" 7 "9158" 1 43 4 4 1 0 311
"11690" "cbsnyt" 7 "9158" 1 15 1 4 1 0 1060
"11691" "cbsnyt" 7 "9158" 0 15 3 2 1 0 605
"11692" "cbsnyt" 7 "9158" 0 31 2 4 0 0 1705
"11693" "cbsnyt" 7 "9158" 0 22 4 2 1 0 279
"11694" "cbsnyt" 7 "9158" 1 26 2 3 1 0 842
"11695" "cbsnyt" 7 "9158" 1 1 1 2 1 1 4002
"11696" "cbsnyt" 7 "9158" 1 49 2 2 0 0 501
"11697" "cbsnyt" 7 "9158" 0 14 2 3 1 0 421
"11698" "cbsnyt" 7 "9158" 1 33 2 1 1 0 1121
"11699" "cbsnyt" 7 "9158" 0 33 2 4 0 0 1137
"11700" "cbsnyt" 7 "9158" 1 31 4 2 0 0 354
"11701" "cbsnyt" 7 "9158" 0 47 4 2 0 0 348
"11702" "cbsnyt" 7 "9158" 1 36 3 3 0 0 872
"11703" "cbsnyt" 7 "9158" 1 33 1 3 0 0 2727
"11704" "cbsnyt" 7 "9158" 0 33 3 2 1 0 606
"11705" "cbsnyt" 7 "9158" 0 30 2 2 0 0 1021
"11706" "cbsnyt" 7 "9158" 0 22 2 1 1 0 1121
"11707" "cbsnyt" 7 "9158" 1 44 4 3 1 0 684
"11708" "cbsnyt" 7 "9158" NA 1 4 2 0 0 695
"11709" "cbsnyt" 7 "9158" NA 33 1 4 0 0 1346
"11710" "cbsnyt" 7 "9158" 1 25 3 2 0 0 755
"11711" "cbsnyt" 7 "9158" 1 33 4 2 1 0 279
"11712" "cbsnyt" 7 "9158" 1 23 2 3 1 0 842
"11713" "cbsnyt" 7 "9158" 0 23 2 3 1 0 842
"11714" "cbsnyt" 7 "9158" 1 41 4 3 0 0 868
"11715" "cbsnyt" 7 "9158" 1 24 3 3 1 0 688
"11716" "cbsnyt" 7 "9158" 1 40 2 2 0 0 511
"11717" "cbsnyt" 7 "9158" 0 44 2 3 1 0 621
"11718" "cbsnyt" 7 "9158" 0 22 2 2 0 0 1021
"11719" "cbsnyt" 7 "9158" 0 24 1 4 1 0 1060
"11720" "cbsnyt" 7 "9158" 1 46 2 2 0 0 1532
"11721" "cbsnyt" 7 "9158" 0 31 3 2 1 0 303
"11722" "cbsnyt" 7 "9158" 0 33 3 2 1 0 303
"11723" "cbsnyt" 7 "9158" 1 44 2 1 0 0 1396
"11724" "cbsnyt" 7 "9158" 1 36 3 2 0 0 768
"11725" "cbsnyt" 7 "9158" 0 34 2 3 1 0 827
"11726" "cbsnyt" 7 "9158" 1 41 4 2 1 0 274
"11727" "cbsnyt" 7 "9158" 0 19 2 2 1 0 1186
"11728" "cbsnyt" 7 "9158" 1 31 4 1 0 0 421
"11729" "cbsnyt" 7 "9158" 1 19 2 1 1 0 1101
"11730" "cbsnyt" 7 "9158" 1 47 2 1 1 1 1624
"11731" "cbsnyt" 7 "9158" NA 23 4 2 0 0 354
"11732" "cbsnyt" 7 "9158" 1 31 2 2 1 0 1208
"11733" "cbsnyt" 7 "9158" 0 40 4 2 1 0 279
"11734" "cbsnyt" 7 "9158" 1 41 2 3 0 0 1049
"11735" "cbsnyt" 7 "9158" 1 10 4 1 0 0 826
"11736" "cbsnyt" 7 "9158" 0 14 4 1 1 1 1956
"11737" "cbsnyt" 7 "9158" 0 22 2 3 1 0 421
"11738" "cbsnyt" 7 "9158" 0 31 4 3 0 0 442
"11739" "cbsnyt" 7 "9158" 0 10 2 3 0 0 1049
"11740" "cbsnyt" 7 "9158" 1 44 3 3 1 0 338
"11741" "cbsnyt" 7 "9158" 1 39 2 1 1 0 1121
"11742" "cbsnyt" 7 "9158" 1 49 1 1 1 0 1101
"11743" "cbsnyt" 7 "9158" 1 11 2 2 1 0 790
"11744" "cbsnyt" 7 "9158" 0 33 4 3 0 0 1326
"11745" "cbsnyt" 7 "9158" 0 10 3 1 0 0 575
"11746" "cbsnyt" 7 "9158" 1 11 3 2 1 0 892
"11747" "cbsnyt" 7 "9158" 1 34 2 2 0 0 1003
"11748" "cbsnyt" 7 "9158" 1 34 1 4 0 0 2642
"11749" "cbsnyt" 7 "9158" 1 26 3 2 0 0 768
"11750" "cbsnyt" 7 "9158" 1 23 2 3 1 0 842
"11751" "cbsnyt" 7 "9158" 1 33 4 2 0 0 354
"11752" "cbsnyt" 7 "9158" 1 21 3 1 1 0 1360
"11753" "cbsnyt" 7 "9158" 1 47 4 1 0 0 826
"11754" "cbsnyt" 7 "9158" 1 11 4 3 1 0 684
"11755" "cbsnyt" 7 "9158" NA 10 4 2 0 0 1390
"11756" "cbsnyt" 7 "9158" 1 47 2 2 1 0 790
"11757" "cbsnyt" 7 "9158" 1 17 3 2 1 0 908
"11758" "cbsnyt" 7 "9158" 1 22 4 2 0 0 708
"11759" "cbsnyt" 7 "9158" 1 33 4 2 0 0 1062
"11760" "cbsnyt" 7 "9158" 1 10 1 2 0 1 1826
"11761" "cbsnyt" 7 "9158" 1 44 2 4 0 0 1116
"11762" "cbsnyt" 7 "9158" 1 33 4 1 1 1 1958
"11763" "cbsnyt" 7 "9158" 1 25 2 3 1 0 827
"11764" "cbsnyt" 7 "9158" 1 23 2 2 0 0 1020
"11765" "cbsnyt" 7 "9158" 1 19 2 1 0 0 1396
"11766" "cbsnyt" 7 "9158" 0 21 2 1 0 1 2223
"11767" "cbsnyt" 7 "9158" 0 49 2 3 0 0 1049
"11768" "cbsnyt" 7 "9158" 0 41 2 4 1 0 440
"11769" "cbsnyt" 7 "9158" 1 49 2 2 1 0 395
"11770" "cbsnyt" 7 "9158" NA 39 3 3 1 0 344
"11771" "cbsnyt" 7 "9158" NA 19 1 4 1 0 2083
"11772" "cbsnyt" 7 "9158" 0 33 4 2 1 0 558
"11773" "cbsnyt" 7 "9158" 0 39 4 4 0 0 603
"11774" "cbsnyt" 7 "9158" 0 11 2 3 1 1 610
"11775" "cbsnyt" 7 "9158" 1 39 2 4 1 0 421
"11776" "cbsnyt" 7 "9158" 1 10 2 1 0 0 1396
"11777" "cbsnyt" 7 "9158" 1 10 2 2 1 0 790
"11778" "cbsnyt" 7 "9158" NA 24 4 2 0 0 707
"11779" "cbsnyt" 7 "9158" 0 21 2 3 1 0 414
"11780" "cbsnyt" 7 "9158" 1 44 4 3 1 0 1027
"11781" "cbsnyt" 7 "9158" 1 44 4 2 1 0 548
"11782" "cbsnyt" 7 "9158" NA 24 4 2 0 0 707
"11783" "cbsnyt" 7 "9158" 1 33 2 3 1 0 421
"11784" "cbsnyt" 7 "9158" 1 44 4 4 0 0 790
"11785" "cbsnyt" 7 "9158" 1 18 2 2 1 0 395
"11786" "cbsnyt" 7 "9158" 1 44 4 4 1 0 311
"11787" "cbsnyt" 7 "9158" 1 43 4 2 1 0 274
"11788" "cbsnyt" 7 "9158" NA 33 2 3 1 0 843
"11789" "cbsnyt" 7 "9158" 1 33 4 3 1 0 697
"11790" "cbsnyt" 7 "9158" 1 44 2 1 1 0 1101
"11791" "cbsnyt" 7 "9158" 1 34 2 1 0 0 1396
"11792" "cbsnyt" 7 "9158" 1 31 3 1 0 0 1171
"11793" "cbsnyt" 7 "9158" 1 5 2 4 1 0 1474
"11794" "cbsnyt" 7 "9158" 1 34 4 2 1 0 548
"11795" "cbsnyt" 7 "9158" 1 31 1 2 0 0 2336
"11796" "cbsnyt" 7 "9158" 0 14 1 4 1 0 1060
"11797" "cbsnyt" 7 "9158" 1 18 2 3 1 0 1241
"11798" "cbsnyt" 7 "9158" NA 10 2 1 1 0 1101
"11799" "cbsnyt" 7 "9158" NA 4 3 4 1 0 354
"11800" "cbsnyt" 7 "9158" 0 22 4 1 1 0 332
"11801" "cbsnyt" 7 "9158" 1 43 2 3 1 0 414
"11802" "cbsnyt" 7 "9158" 1 6 4 1 1 0 364
"11803" "cbsnyt" 7 "9158" NA 44 4 4 0 0 790
"11804" "cbsnyt" 7 "9158" 0 14 4 2 1 0 836
"11805" "cbsnyt" 7 "9158" 1 31 3 2 1 0 606
"11806" "cbsnyt" 7 "9158" 1 39 2 1 0 0 2132
"11807" "cbsnyt" 7 "9158" 0 10 4 3 0 0 868
"11808" "cbsnyt" 7 "9158" 0 34 1 2 1 0 2712
"11809" "cbsnyt" 7 "9158" 1 10 2 4 0 0 1116
"11810" "cbsnyt" 7 "9158" 0 39 3 2 1 0 606
"11811" "cbsnyt" 7 "9158" 0 15 2 3 0 0 1068
"11812" "cbsnyt" 7 "9158" 1 22 3 2 1 0 606
"11813" "cbsnyt" 7 "9158" 1 44 4 2 0 0 348
"11814" "cbsnyt" 7 "9158" 1 14 3 2 1 0 303
"11815" "cbsnyt" 7 "9158" 1 10 2 4 0 0 1116
"11816" "cbsnyt" 7 "9158" 1 44 4 1 1 0 326
"11817" "cbsnyt" 7 "9158" 1 47 3 1 0 0 575
"11818" "cbsnyt" 7 "9158" 1 18 3 1 0 0 1150
"11819" "cbsnyt" 7 "9158" 1 44 3 1 1 0 453
"11820" "cbsnyt" 7 "9158" 0 40 3 2 1 0 606
"11821" "cbsnyt" 7 "9158" 0 37 3 2 0 0 755
"11822" "cbsnyt" 7 "9158" 0 36 2 2 1 0 804
"11823" "cbsnyt" 7 "9158" 1 18 3 3 0 0 429
"11824" "cbsnyt" 7 "9158" NA 43 1 3 1 0 1056
"11825" "cbsnyt" 7 "9158" 0 39 2 4 0 0 1069
"11826" "cbsnyt" 7 "9158" 1 33 2 2 0 0 2042
"11827" "cbsnyt" 7 "9158" 1 43 3 1 1 0 906
"11828" "cbsnyt" 7 "9158" 0 24 2 2 1 0 804
"11829" "cbsnyt" 7 "9158" 0 10 1 1 1 0 1101
"11830" "cbsnyt" 7 "9158" 1 36 4 1 1 0 331
"11831" "cbsnyt" 7 "9158" 1 14 2 3 1 0 1683
"11832" "cbsnyt" 7 "9158" 1 10 4 2 1 0 548
"11833" "cbsnyt" 7 "9158" 1 10 4 2 1 0 548
"11834" "cbsnyt" 7 "9158" 1 11 2 1 1 0 550
"11835" "cbsnyt" 7 "9158" 1 10 1 4 0 0 2642
"11836" "cbsnyt" 7 "9158" 1 33 3 3 1 0 516
"11837" "cbsnyt" 7 "9158" 0 39 2 1 1 0 1121
"11838" "cbsnyt" 7 "9158" 1 17 2 3 1 0 842
"11839" "cbsnyt" 7 "9158" 0 26 4 2 1 0 836
"11840" "cbsnyt" 7 "9158" 1 47 2 2 1 0 790
"11841" "cbsnyt" 7 "9158" 1 10 3 2 1 0 297
"11842" "cbsnyt" 7 "9158" 0 50 3 1 1 0 922
"11843" "cbsnyt" 7 "9158" 1 11 4 2 0 0 695
"11844" "cbsnyt" 7 "9158" 1 18 2 2 1 0 395
"11845" "cbsnyt" 7 "9158" 1 50 2 2 1 0 804
"11846" "cbsnyt" 7 "9158" 1 33 2 1 0 0 1066
"11847" "cbsnyt" 7 "9158" 1 28 4 3 1 0 696
"11848" "cbsnyt" 7 "9158" 1 43 2 3 0 0 1049
"11849" "cbsnyt" 7 "9158" 0 24 2 3 0 0 534
"11850" "cbsnyt" 7 "9158" 0 19 3 2 0 0 755
"11851" "cbsnyt" 7 "9158" 1 31 4 1 1 0 829
"11852" "cbsnyt" 7 "9158" 1 33 3 2 1 0 757
"11853" "cbsnyt" 7 "9158" 0 26 3 4 0 0 914
"11854" "cbsnyt" 7 "9158" 1 23 3 2 1 0 303
"11855" "cbsnyt" 7 "9158" 1 14 3 2 0 0 384
"11856" "cbsnyt" 7 "9158" 1 43 4 1 1 0 652
"11857" "cbsnyt" 7 "9158" 1 44 2 2 1 0 790
"11858" "cbsnyt" 7 "9158" 1 18 1 3 0 0 4017
"11859" "cbsnyt" 7 "9158" 1 4 2 1 1 0 1101
"11860" "cbsnyt" 7 "9158" 1 14 2 1 1 0 1120
"11861" "cbsnyt" 7 "9158" 1 26 4 2 1 0 558
"11862" "cbsnyt" 7 "9158" 1 1 2 2 0 0 1003
"11863" "cbsnyt" 7 "9158" 1 45 4 1 0 0 923
"11864" "cbsnyt" 7 "9158" 1 17 2 2 1 0 1206
"11865" "cbsnyt" 7 "9158" 1 44 4 1 0 0 413
"11866" "cbsnyt" 7 "9158" 0 25 1 2 1 0 2712
"11867" "cbsnyt" 7 "9158" 1 3 3 3 0 0 479
"11868" "cbsnyt" 7 "9158" 1 44 2 2 1 0 790
"11869" "cbsnyt" 7 "9158" 1 5 4 2 1 0 918
"11870" "cbsnyt" 7 "9158" 1 43 4 1 1 0 652
"11871" "cbsnyt" 7 "9158" 0 25 2 2 0 1 1597
"11872" "cbsnyt" 7 "9158" 1 3 4 1 0 0 923
"11873" "cbsnyt" 7 "9158" 0 50 4 2 1 0 279
"11874" "cbsnyt" 7 "9158" 1 44 2 1 0 0 4188
"11875" "cbsnyt" 7 "9158" 1 43 2 4 0 0 1116
"11876" "cbsnyt" 7 "9158" NA 5 3 2 1 0 332
"11877" "cbsnyt" 7 "9158" 0 50 2 2 1 0 804
"11878" "cbsnyt" 7 "9158" 0 5 4 1 0 0 923
"11879" "cbsnyt" 7 "9158" 0 6 2 2 1 0 441
"11880" "cbsnyt" 7 "9158" 0 5 4 2 0 0 776
"11881" "cbsnyt" 7 "9158" 1 5 3 3 0 0 957
"11882" "cbsnyt" 7 "9158" 1 5 2 1 1 0 1229
"11883" "cbsnyt" 7 "9158" 0 5 4 1 0 0 923
"11884" "cbsnyt" 7 "9158" 0 48 1 1 1 0 1229
"11885" "cbsnyt" 7 "9158" 1 48 4 1 0 0 923
"11886" "cbsnyt" 7 "9158" 1 51 3 2 0 0 842
"11887" "cbsnyt" 7 "9158" 1 5 4 1 0 0 461
"11888" "cbsnyt" 7 "9158" 1 32 4 2 0 0 776
"11889" "cbsnyt" 7 "9158" 1 5 2 1 1 0 1229
"11890" "cbsnyt" 7 "9158" 1 5 4 2 0 0 388
"11891" "cbsnyt" 7 "9158" 1 5 4 2 0 0 776
"11892" "cbsnyt" 7 "9158" 0 5 4 3 0 1 1157
"11893" "cbsnyt" 7 "9158" 0 5 4 4 1 0 918
"11894" "cbsnyt" 7 "9158" 0 5 1 4 0 1 4698
"11895" "cbsnyt" 7 "9158" 0 48 4 3 0 0 485
"11896" "cbsnyt" 7 "9158" 1 38 2 3 0 0 1171
"11897" "cbsnyt" 7 "9158" 0 48 2 1 1 0 1229
"11898" "cbsnyt" 7 "9158" 0 33 2 2 1 1 1188
"11899" "cbsnyt" 7 "9158" 1 33 2 3 1 0 843
"11900" "cbsnyt" 7 "9158" 0 39 2 3 1 0 1264
"11901" "cbsnyt" 7 "9158" NA 39 2 3 0 0 1069
"11902" "cbsnyt" 7 "9158" 1 39 3 3 1 0 689
"11903" "cbsnyt" 7 "9158" 1 33 3 3 1 0 861
"11904" "cbsnyt" 7 "9158" 1 22 4 2 1 0 279
"11905" "cbsnyt" 7 "9158" 0 33 4 2 1 0 558
"11906" "cbsnyt" 7 "9158" NA 22 2 1 1 0 1121
"11907" "cbsnyt" 7 "9158" 0 33 4 3 0 0 442
"11908" "cbsnyt" 7 "9158" 0 33 2 1 1 1 4134
"11909" "cbsnyt" 7 "9158" 0 33 2 2 1 0 805
"11910" "cbsnyt" 7 "9158" 1 33 4 1 0 0 421
"11911" "cbsnyt" 7 "9158" 1 33 1 3 0 0 4091
"11912" "cbsnyt" 7 "9158" 1 33 4 2 0 0 354
"11913" "cbsnyt" 7 "9158" 0 39 4 2 1 0 279
"11914" "cbsnyt" 7 "9158" 1 7 1 4 1 0 530
"11915" "cbsnyt" 7 "9158" 1 40 2 1 1 0 3362
"11916" "cbsnyt" 7 "9158" 0 33 4 3 1 0 523
"11917" "cbsnyt" 7 "9158" 1 22 3 2 1 0 606
"11918" "cbsnyt" 7 "9158" 1 33 3 2 1 0 606
"11919" "cbsnyt" 7 "9158" 1 31 4 3 0 0 442
"11920" "cbsnyt" 7 "9158" 0 50 3 3 1 0 688
"11921" "cbsnyt" 7 "9158" 0 33 4 2 0 0 708
"11922" "cbsnyt" 7 "9158" 0 23 3 2 1 0 303
"11923" "cbsnyt" 7 "9158" 0 31 2 3 1 0 843
"11924" "cbsnyt" 7 "9158" 1 39 2 4 1 0 448
"11925" "cbsnyt" 7 "9158" 1 33 3 2 0 0 384
"11926" "cbsnyt" 7 "9158" 1 15 2 3 1 0 842
"11927" "cbsnyt" 7 "9158" 1 26 2 1 1 0 1120
"11928" "cbsnyt" 7 "9158" 0 33 3 2 1 0 606
"11929" "cbsnyt" 7 "9158" 1 31 2 1 1 0 1121
"11930" "cbsnyt" 7 "9158" 1 39 2 2 1 0 805
"11931" "cbsnyt" 7 "9158" 1 36 2 3 1 0 421
"11932" "cbsnyt" 7 "9158" 1 36 3 1 0 0 1169
"11933" "cbsnyt" 7 "9158" 1 36 2 3 1 0 1263
"11934" "cbsnyt" 7 "9158" 0 40 4 2 1 0 558
"11935" "cbsnyt" 7 "9158" 0 33 4 2 1 0 279
"11936" "cbsnyt" 7 "9158" 1 39 2 3 1 0 1264
"11937" "cbsnyt" 7 "9158" 1 39 2 1 1 0 1121
"11938" "cbsnyt" 7 "9158" 0 50 2 2 0 0 1020
"11939" "cbsnyt" 7 "9158" 0 50 4 2 1 0 558
"11940" "cbsnyt" 7 "9158" 0 36 2 1 0 0 1420
"11941" "cbsnyt" 7 "9158" 0 7 2 2 0 0 1021
"11942" "cbsnyt" 7 "9158" NA 22 3 1 0 0 1171
"11943" "cbsnyt" 7 "9158" 1 17 1 4 1 0 1060
"11944" "cbsnyt" 7 "9158" 0 36 3 2 0 0 2303
"11945" "cbsnyt" 7 "9158" 1 50 4 2 0 0 707
"11946" "cbsnyt" 7 "9158" 1 36 2 2 1 0 804
"11947" "cbsnyt" 7 "9158" 1 22 4 4 0 0 805
"11948" "cbsnyt" 7 "9158" 0 33 4 2 1 1 412
"11949" "cbsnyt" 7 "9158" NA 14 1 1 1 0 560
"11950" "cbsnyt" 7 "9158" NA 39 2 1 1 0 1121
"11951" "cbsnyt" 7 "9158" 1 50 4 1 1 0 663
"11952" "cbsnyt" 7 "9158" 1 14 2 1 1 0 2239
"11953" "cbsnyt" 7 "9158" 1 23 4 1 1 0 663
"11954" "cbsnyt" 7 "9158" 1 40 1 2 0 0 2336
"11955" "cbsnyt" 7 "9158" 1 17 3 2 0 0 384
"11956" "cbsnyt" 7 "9158" 1 36 2 2 0 0 1020
"11957" "cbsnyt" 7 "9158" 1 22 4 2 0 0 708
"11958" "cbsnyt" 7 "9158" 1 17 3 2 0 0 768
"11959" "cbsnyt" 7 "9158" 0 39 2 4 1 0 896
"11960" "cbsnyt" 7 "9158" 1 26 4 2 0 0 707
"11961" "cbsnyt" 7 "9158" 0 19 2 3 1 1 1221
"11962" "cbsnyt" 7 "9158" 0 14 4 1 1 0 663
"11963" "cbsnyt" 7 "9158" 1 36 2 3 0 0 1068
"11964" "cbsnyt" 7 "9158" NA 14 1 3 0 1 2169
"11965" "cbsnyt" 7 "9158" NA 50 4 2 0 0 354
"11966" "cbsnyt" 7 "9158" 0 50 2 1 0 0 1420
"11967" "cbsnyt" 7 "9158" 0 14 2 2 1 0 402
"11968" "cbsnyt" 7 "9158" 0 24 2 2 1 0 402
"11969" "cbsnyt" 7 "9158" 0 50 2 2 1 0 804
"11970" "cbsnyt" 7 "9158" 0 33 2 2 1 0 805
"11971" "cbsnyt" 7 "9158" 1 24 2 1 0 0 710
"11972" "cbsnyt" 7 "9158" 0 23 1 3 1 1 1585
"11973" "cbsnyt" 7 "9158" 1 15 2 2 1 0 804
"11974" "cbsnyt" 7 "9158" 0 28 4 2 0 0 707
"11975" "cbsnyt" 7 "9158" 0 36 4 2 0 0 354
"11976" "cbsnyt" 7 "9158" 1 47 2 2 0 0 1003
"11977" "cbsnyt" 7 "9158" 0 33 4 2 0 0 354
"11978" "cbsnyt" 7 "9158" 1 10 2 3 0 0 525
"11979" "cbsnyt" 7 "9158" 0 43 4 3 0 0 868
"11980" "cbsnyt" 7 "9158" 1 50 2 3 0 0 1068
"11981" "cbsnyt" 7 "9158" 1 36 1 3 0 0 2724
"11982" "cbsnyt" 7 "9158" 1 36 2 1 1 0 1120
"11983" "cbsnyt" 7 "9158" 1 39 3 1 0 0 1171
"11984" "cbsnyt" 7 "9158" 1 10 3 4 0 0 899
"11985" "cbsnyt" 7 "9158" 1 47 4 4 1 0 934
"11986" "cbsnyt" 7 "9158" 0 36 4 2 1 1 617
"11987" "cbsnyt" 7 "9158" NA 44 2 3 1 0 414
"11988" "cbsnyt" 7 "9158" 1 26 3 3 1 0 344
"11989" "cbsnyt" 7 "9158" 1 47 2 4 1 0 880
"11990" "cbsnyt" 7 "9158" 1 18 2 3 1 0 827
"11991" "cbsnyt" 7 "9158" 1 34 2 2 1 0 790
"11992" "cbsnyt" 7 "9158" 0 33 4 3 0 0 884
"11993" "cbsnyt" 7 "9158" 1 23 3 1 0 0 1169
"11994" "cbsnyt" 7 "9158" 1 14 2 2 1 0 804
"11995" "cbsnyt" 7 "9158" 0 16 2 3 0 0 1068
"11996" "cbsnyt" 7 "9158" 0 25 1 4 1 1 1537
"11997" "cbsnyt" 7 "9158" 1 10 4 1 1 0 652
"11998" "cbsnyt" 7 "9158" 0 4 4 2 0 0 695
"11999" "cbsnyt" 7 "9158" 0 44 3 2 1 0 149
"12000" "cbsnyt" 7 "9158" 0 49 2 2 1 0 790
"12001" "cbsnyt" 7 "9158" 0 44 4 2 1 0 1096
"12002" "cbsnyt" 7 "9158" 1 49 3 3 0 0 858
"12003" "cbsnyt" 7 "9158" 1 28 3 1 1 0 922
"12004" "cbsnyt" 7 "9158" 0 33 1 1 1 0 1121
"12005" "cbsnyt" 7 "9158" 0 33 2 3 1 0 843
"12006" "cbsnyt" 7 "9158" 1 10 4 4 1 0 311
"12007" "cbsnyt" 7 "9158" 1 44 4 2 1 0 548
"12008" "cbsnyt" 7 "9158" 1 24 2 2 0 0 510
"12009" "cbsnyt" 7 "9158" 1 26 2 1 1 1 2478
"12010" "cbsnyt" 7 "9158" 0 11 1 1 0 1 2223
"12011" "cbsnyt" 7 "9158" 1 19 4 1 1 0 652
"12012" "cbsnyt" 7 "9158" 0 9 2 4 1 1 649
"12013" "cbsnyt" 7 "9158" 0 10 2 2 1 0 395
"12014" "cbsnyt" 7 "9158" 0 50 3 1 0 0 1754
"12015" "cbsnyt" 7 "9158" 1 44 4 4 1 0 311
"12016" "cbsnyt" 7 "9158" 0 44 3 2 0 1 601
"12017" "cbsnyt" 7 "9158" 0 44 2 3 1 0 827
"12018" "cbsnyt" 7 "9158" 0 39 2 1 0 0 2132
"12019" "cbsnyt" 7 "9158" 1 44 2 1 1 0 1101
"12020" "cbsnyt" 7 "9158" 1 47 2 4 0 0 1116
"12021" "cbsnyt" 7 "9158" 0 34 2 4 0 1 1778
"12022" "cbsnyt" 7 "9158" 1 44 2 3 0 0 1049
"12023" "cbsnyt" 7 "9158" 1 14 4 2 0 0 1061
"12024" "cbsnyt" 7 "9158" 0 34 2 4 1 0 440
"12025" "cbsnyt" 7 "9158" 1 43 4 2 1 0 548
"12026" "cbsnyt" 7 "9158" 1 50 2 3 0 0 1068
"12027" "cbsnyt" 7 "9158" 1 18 2 2 0 1 1597
"12028" "cbsnyt" 7 "9158" 1 34 2 3 0 0 1574
"12029" "cbsnyt" 7 "9158" 1 28 2 3 0 0 534
"12030" "cbsnyt" 7 "9158" 1 44 3 4 0 0 899
"12031" "cbsnyt" 7 "9158" 1 1 4 2 0 0 695
"12032" "cbsnyt" 7 "9158" 0 47 4 3 1 1 1010
"12033" "cbsnyt" 7 "9158" 0 47 3 1 1 1 1337
"12034" "cbsnyt" 7 "9158" 1 10 3 1 1 0 906
"12035" "cbsnyt" 7 "9158" 0 1 4 4 1 0 934
"12036" "cbsnyt" 7 "9158" 0 18 1 4 1 0 1042
"12037" "cbsnyt" 7 "9158" 0 5 3 3 1 0 755
"12038" "cbsnyt" 7 "9158" NA 18 3 4 1 0 354
"12039" "cbsnyt" 7 "9158" NA 43 3 2 0 0 755
"12040" "cbsnyt" 7 "9158" NA 14 4 3 1 0 1392
"12041" "cbsnyt" 7 "9158" 0 44 2 2 1 0 790
"12042" "cbsnyt" 7 "9158" 1 6 3 3 1 0 377
"12043" "cbsnyt" 7 "9158" 1 4 2 4 1 0 440
"12044" "cbsnyt" 7 "9158" 0 5 2 1 0 0 3896
"12045" "cbsnyt" 7 "9158" 1 44 4 4 1 0 311
"12046" "cbsnyt" 7 "9158" 1 6 3 1 1 0 1012
"12047" "cbsnyt" 7 "9158" 0 10 2 3 0 0 1049
"12048" "cbsnyt" 7 "9158" 1 44 4 1 0 0 413
"12049" "cbsnyt" 7 "9158" 1 3 2 3 1 0 1847
"12050" "cbsnyt" 7 "9158" 0 5 3 3 1 0 755
"12051" "cbsnyt" 7 "9158" 0 11 4 2 0 0 695
"12052" "cbsnyt" 7 "9158" 1 1 3 1 1 1 1337
"12053" "cbsnyt" 7 "9158" 1 10 2 4 1 0 880
"12054" "cbsnyt" 7 "9158" 1 34 2 4 0 0 1116
"12055" "cbsnyt" 7 "9158" 1 32 2 3 0 0 879
"12056" "cbsnyt" 7 "9158" 1 32 4 3 1 0 382
"12057" "cbsnyt" 7 "9158" 1 5 2 2 1 0 1324
"12058" "cbsnyt" 7 "9158" 1 11 3 1 0 1 1831
"12059" "cbsnyt" 7 "9158" 0 38 1 3 1 0 3535
"12060" "cbsnyt" 7 "9158" 0 37 2 1 0 0 1396
"12061" "cbsnyt" 7 "9158" 0 24 3 2 1 0 605
"12062" "cbsnyt" 7 "9158" NA 45 2 2 0 0 1119
"12063" "cbsnyt" 7 "9158" 0 41 2 1 1 0 2201
"12064" "cbsnyt" 7 "9158" 0 32 4 2 1 0 306
"12065" "cbsnyt" 7 "9158" 1 5 4 2 1 0 612
"12066" "cbsnyt" 7 "9158" 1 5 4 2 1 0 612
"12067" "cbsnyt" 7 "9158" 1 49 1 4 1 0 1042
"12068" "cbsnyt" 7 "9158" 1 50 2 2 0 0 1020
"12069" "cbsnyt" 7 "9158" 1 48 1 3 0 0 2989
"12070" "cbsnyt" 7 "9158" NA 11 4 3 1 0 342
"12071" "cbsnyt" 7 "9158" 0 1 3 2 1 0 297
"12072" "cbsnyt" 7 "9158" 1 25 3 3 1 0 676
"12073" "cbsnyt" 7 "9158" 1 43 3 3 1 0 1352
"12074" "cbsnyt" 7 "9158" 0 5 1 3 1 0 2357
"12075" "cbsnyt" 7 "9158" 1 48 2 4 0 0 1246
"12076" "cbsnyt" 7 "9158" 1 5 2 1 1 0 2457
"12077" "cbsnyt" 7 "9158" 1 5 3 1 0 0 3850
"12078" "cbsnyt" 7 "9158" 1 11 1 2 0 0 2294
"12079" "cbsnyt" 7 "9158" 0 3 4 4 1 0 695
"12080" "cbsnyt" 7 "9158" 1 5 4 3 0 0 485
"12081" "cbsnyt" 7 "9158" 0 5 4 2 1 0 306
"12082" "cbsnyt" 7 "9158" 1 37 2 3 1 0 827
"12083" "cbsnyt" 7 "9158" 0 29 2 3 1 0 924
"12084" "cbsnyt" 7 "9158" 1 18 2 3 1 0 827
"12085" "cbsnyt" 7 "9158" 1 6 4 2 0 0 776
"12086" "cbsnyt" 7 "9158" 1 5 1 3 1 0 1178
"12087" "cbsnyt" 7 "9158" 0 16 1 3 1 0 3222
"12088" "cbsnyt" 7 "9158" 1 47 3 1 0 0 2299
"12089" "cbsnyt" 7 "9158" 1 44 1 2 1 0 904
"12090" "cbsnyt" 7 "9158" 1 7 4 2 1 0 279
"12091" "cbsnyt" 7 "9158" 0 5 1 4 0 0 1475
"12092" "cbsnyt" 7 "9158" 0 21 2 2 0 0 1003
"12093" "cbsnyt" 7 "9158" 0 44 2 4 1 0 440
"12094" "cbsnyt" 7 "9158" 0 33 4 2 1 0 558
"12095" "cbsnyt" 7 "9158" 0 38 3 2 1 0 664
"12096" "cbsnyt" 7 "9158" 0 5 4 2 0 0 388
"12097" "cbsnyt" 7 "9158" 0 10 3 2 1 1 439
"12098" "cbsnyt" 7 "9158" 1 44 4 2 1 0 274
"12099" "cbsnyt" 7 "9158" 0 3 3 1 0 0 2566
"12100" "cbsnyt" 7 "9158" 1 39 3 4 1 0 361
"12101" "cbsnyt" 7 "9158" NA 20 2 2 0 0 511
"12102" "cbsnyt" 7 "9158" 1 5 3 2 1 0 664
"12103" "cbsnyt" 7 "9158" 1 36 2 2 1 0 804
"12104" "cbsnyt" 7 "9158" 1 33 2 1 0 1 2264
"12105" "cbsnyt" 7 "9158" 0 23 2 2 1 0 804
"12106" "cbsnyt" 7 "9158" 1 34 2 3 1 0 827
"12107" "cbsnyt" 7 "9158" 0 38 4 2 0 0 776
"12108" "cbsnyt" 7 "9158" 0 15 2 1 1 0 1120
"12109" "cbsnyt" 7 "9158" 1 34 2 2 1 0 395
"12110" "cbsnyt" 7 "9158" 0 23 2 1 0 0 710
"12111" "cbsnyt" 7 "9158" 0 39 2 2 1 0 805
"12112" "cbsnyt" 7 "9158" 0 33 4 2 0 1 564
"12113" "cbsnyt" 7 "9158" 0 36 3 1 0 0 1169
"12114" "cbsnyt" 7 "9158" 1 37 1 3 0 0 2678
"12115" "cbsnyt" 7 "9158" 1 33 4 2 1 0 837
"12116" "cbsnyt" 7 "9158" 1 48 4 2 0 0 582
"12117" "cbsnyt" 7 "9158" 0 23 4 4 1 0 317
"12118" "cbsnyt" 7 "9158" 1 34 1 3 0 0 1339
"12119" "cbsnyt" 7 "9158" 1 23 4 1 0 0 420
"12120" "cbsnyt" 7 "9158" 1 14 2 3 1 0 842
"12121" "cbsnyt" 7 "9158" 1 7 4 1 1 0 664
"12122" "cbsnyt" 7 "9158" 0 39 2 3 0 0 2137
"12123" "cbsnyt" 7 "9158" 1 23 4 1 0 0 841
"12124" "cbsnyt" 7 "9158" 0 44 4 4 1 0 311
"12125" "cbsnyt" 7 "9158" 1 11 1 3 1 0 5278
"12126" "cbsnyt" 7 "9158" 1 10 2 3 1 0 827
"12127" "cbsnyt" 7 "9158" 1 10 3 1 0 0 1150
"12128" "cbsnyt" 7 "9158" 1 17 2 2 1 0 804
"12129" "cbsnyt" 7 "9158" NA 44 3 3 0 0 1286
"12130" "cbsnyt" 7 "9158" 1 21 2 2 1 0 790
"12131" "cbsnyt" 7 "9158" 1 17 4 1 1 0 663
"12132" "cbsnyt" 7 "9158" 1 23 2 4 1 0 448
"12133" "cbsnyt" 7 "9158" 1 14 4 2 0 0 1061
"12134" "cbsnyt" 7 "9158" 0 25 4 2 0 0 695
"12135" "cbsnyt" 7 "9158" 0 8 4 1 1 0 652
"12136" "cbsnyt" 7 "9158" 0 10 2 1 1 0 550
"12137" "cbsnyt" 7 "9158" 0 10 2 3 0 0 1049
"12138" "cbsnyt" 7 "9158" 0 5 4 1 0 0 923
"12139" "cbsnyt" 7 "9158" NA 16 1 2 0 0 4666
"12140" "cbsnyt" 7 "9158" NA 4 4 2 1 0 548
"12141" "cbsnyt" 7 "9158" 0 33 3 1 0 0 1756
"12142" "cbsnyt" 7 "9158" 1 22 3 2 1 0 909
"12143" "cbsnyt" 7 "9158" 1 10 3 2 1 0 595
"12144" "cbsnyt" 7 "9158" 1 19 2 3 0 0 1049
"12145" "cbsnyt" 7 "9158" 1 3 4 1 0 0 461
"12146" "cbsnyt" 7 "9158" 0 47 4 2 0 0 348
"12147" "cbsnyt" 7 "9158" 0 38 2 2 1 0 441
"12148" "cbsnyt" 7 "9158" 1 18 4 2 1 0 548
"12149" "cbsnyt" 7 "9158" 1 41 2 3 1 0 827
"12150" "cbsnyt" 7 "9158" 1 50 2 3 1 0 842
"12151" "cbsnyt" 7 "9158" 1 32 4 3 1 0 382
"12152" "cbsnyt" 7 "9158" 1 47 2 3 1 1 1221
"12153" "cbsnyt" 7 "9158" 1 25 4 1 0 0 826
"12154" "cbsnyt" 7 "9158" 0 13 1 3 1 0 2357
"12155" "cbsnyt" 7 "9158" 0 23 1 4 1 0 1060
"12156" "cbsnyt" 7 "9158" 0 36 4 1 0 0 420
"12157" "cbsnyt" 7 "9158" 1 44 4 2 0 0 695
"12158" "cbsnyt" 7 "9158" 1 33 1 1 0 0 2132
"12159" "cbsnyt" 7 "9158" 1 22 3 2 0 0 768
"12160" "cbsnyt" 7 "9158" 1 11 4 3 1 0 684
"12161" "cbsnyt" 7 "9158" NA 5 3 2 1 0 996
"12162" "cbsnyt" 7 "9158" 0 48 2 2 0 0 560
"12163" "cbsnyt" 7 "9158" 1 15 2 3 1 0 842
"12164" "cbsnyt" 7 "9158" 1 6 3 1 0 0 1283
"12165" "cbsnyt" 7 "9158" 1 36 3 2 0 0 768
"12166" "cbsnyt" 7 "9158" 0 11 3 2 0 0 377
"12167" "cbsnyt" 7 "9158" 0 5 2 1 0 0 1558
"12168" "cbsnyt" 7 "9158" 1 44 4 2 1 0 548
"12169" "cbsnyt" 7 "9158" 0 5 2 2 1 0 662
"12170" "cbsnyt" 7 "9158" 0 14 3 2 1 0 1210
"12171" "cbsnyt" 7 "9158" 0 33 2 2 0 0 1021
"12172" "cbsnyt" 7 "9158" 1 5 2 2 1 0 882
"12173" "cbsnyt" 7 "9158" 0 47 4 1 1 0 326
"12174" "cbsnyt" 7 "9158" 0 6 3 4 1 0 396
"12175" "cbsnyt" 7 "9158" 1 36 4 1 1 0 331
"12176" "cbsnyt" 7 "9158" 0 44 2 3 1 1 1221
"12177" "cbsnyt" 7 "9158" 0 10 4 2 0 0 695
"12178" "cbsnyt" 7 "9158" 0 33 4 3 1 0 348
"12179" "cbsnyt" 7 "9158" 0 49 3 3 1 0 676
"12180" "cbsnyt" 7 "9158" 0 39 4 2 0 0 1062
"12181" "cbsnyt" 7 "9158" 0 37 2 2 1 1 1166
"12182" "cbsnyt" 7 "9158" 1 43 2 4 1 0 440
"12183" "cbsnyt" 7 "9158" 0 24 2 3 0 0 1068
"12184" "cbsnyt" 7 "9158" 0 19 1 3 0 1 2132
"12185" "cbsnyt" 7 "9158" 1 18 3 3 1 0 1014
"12186" "cbsnyt" 7 "9158" 1 26 3 3 0 0 872
"12187" "cbsnyt" 7 "9158" 1 24 2 2 0 0 1020
"12188" "cbsnyt" 7 "9158" 0 33 3 3 1 0 689
"12189" "cbsnyt" 7 "9158" 1 39 3 1 1 0 462
"12190" "cbsnyt" 7 "9158" 1 33 2 2 1 1 1782
"12191" "cbsnyt" 7 "9158" 1 34 1 3 1 0 1056
"12192" "cbsnyt" 7 "9158" 1 47 2 1 1 0 550
"12193" "cbsnyt" 7 "9158" 1 33 2 1 0 0 711
"12194" "cbsnyt" 7 "9158" 1 3 4 2 0 0 388
"12195" "cbsnyt" 7 "9158" 0 11 4 1 1 1 1923
"12196" "cbsnyt" 7 "9158" 1 5 2 2 1 0 882
"12197" "cbsnyt" 7 "9158" 1 41 1 3 1 0 2111
"12198" "cbsnyt" 7 "9158" 1 43 2 1 1 0 1101
"12199" "cbsnyt" 7 "9158" 0 33 3 2 1 0 606
"12200" "cbsnyt" 7 "9158" 1 22 3 2 0 0 768
"12201" "cbsnyt" 7 "9158" 1 31 4 1 1 0 829
"12202" "cbsnyt" 7 "9158" 1 43 3 3 0 0 858
"12203" "cbsnyt" 7 "9158" 1 10 2 3 1 0 827
"12204" "cbsnyt" 7 "9158" 1 43 2 1 1 1 812
"12205" "cbsnyt" 7 "9158" 1 11 2 2 0 0 1003
"12206" "cbsnyt" 7 "9158" 0 6 3 1 1 0 506
"12207" "cbsnyt" 7 "9158" 0 33 3 1 1 1 681
"12208" "cbsnyt" 7 "9158" 0 19 4 1 1 0 326
"12209" "cbsnyt" 7 "9158" 1 30 2 1 0 0 2132
"12210" "cbsnyt" 7 "9158" 1 41 2 2 0 0 1003
"12211" "cbsnyt" 7 "9158" 1 36 2 2 1 0 402
"12212" "cbsnyt" 7 "9158" 1 39 2 3 0 0 1069
"12213" "cbsnyt" 7 "9158" 0 20 2 2 0 0 1021
"12214" "cbsnyt" 7 "9158" 0 34 2 3 1 0 1655
"12215" "cbsnyt" 7 "9158" 0 14 2 3 1 0 1263
"12216" "cbsnyt" 7 "9158" 0 6 4 2 0 0 776
"12217" "cbsnyt" 7 "9158" 1 14 4 3 0 0 883
"12218" "cbsnyt" 7 "9158" NA 47 4 2 0 0 695
"12219" "cbsnyt" 7 "9158" 0 48 3 1 1 0 506
"12220" "cbsnyt" 7 "9158" NA 22 2 4 1 0 448
"12221" "cbsnyt" 7 "9158" 1 5 2 2 1 0 441
"12222" "cbsnyt" 7 "9158" 1 43 3 2 0 0 755
"12223" "cbsnyt" 7 "9158" 1 11 3 2 0 0 1132
"12224" "cbsnyt" 7 "9158" 1 23 4 3 0 0 883
"12225" "cbsnyt" 7 "9158" 1 31 2 1 1 1 1654
"12226" "cbsnyt" 7 "9158" 0 22 4 1 0 0 842
"12227" "cbsnyt" 7 "9158" 0 5 2 2 0 0 1119
"12228" "cbsnyt" 7 "9158" 1 5 4 2 1 0 612
"12229" "cbsnyt" 7 "9158" 1 10 3 2 0 0 755
"12230" "cbsnyt" 7 "9158" 1 44 3 1 0 0 1724
"12231" "cbsnyt" 7 "9158" 0 39 4 1 0 0 421
"12232" "cbsnyt" 7 "9158" 0 33 2 4 0 0 1137
"12233" "cbsnyt" 7 "9158" 1 41 3 4 1 0 354
"12234" "cbsnyt" 7 "9158" 0 23 4 1 0 0 841
"12235" "cbsnyt" 7 "9158" 0 47 4 2 0 0 348
"12236" "cbsnyt" 7 "9158" 1 39 3 3 1 0 1033
"12237" "cbsnyt" 7 "9158" 1 18 2 3 1 0 414
"12238" "cbsnyt" 7 "9158" 1 39 2 1 0 0 711
"12239" "cbsnyt" 7 "9158" 0 33 3 1 1 1 681
"12240" "cbsnyt" 7 "9158" 0 41 4 2 1 0 548
"12241" "cbsnyt" 7 "9158" 0 47 3 1 0 0 1150
"12242" "cbsnyt" 7 "9158" 1 5 1 2 0 0 2560
"12243" "cbsnyt" 7 "9158" 1 3 2 2 1 0 882
"12244" "cbsnyt" 7 "9158" 1 35 4 2 0 0 354
"12245" "cbsnyt" 7 "9158" 1 33 3 2 1 0 303
"12246" "cbsnyt" 7 "9158" 1 18 4 2 0 0 695
"12247" "cbsnyt" 7 "9158" 1 5 3 2 1 0 664
"12248" "cbsnyt" 7 "9158" 1 10 3 2 1 0 595
"12249" "cbsnyt" 7 "9158" 1 10 3 2 0 0 755
"12250" "cbsnyt" 7 "9158" 1 1 4 2 1 0 274
"12251" "cbsnyt" 7 "9158" 1 36 4 3 0 0 883
"12252" "cbsnyt" 7 "9158" 0 44 4 2 1 0 274
"12253" "cbsnyt" 7 "9158" 0 44 2 3 0 0 1574
"12254" "cbsnyt" 7 "9158" 0 38 1 1 1 0 614
"12255" "cbsnyt" 7 "9158" 0 33 4 2 1 0 279
"12256" "cbsnyt" 7 "9158" 0 5 2 4 1 0 983
"12257" "cbsnyt" 7 "9158" 0 44 3 2 1 1 1756
"12258" "cbsnyt" 7 "9158" 0 48 2 1 0 0 779
"12259" "cbsnyt" 7 "9158" 0 41 3 2 1 1 1756
"12260" "cbsnyt" 7 "9158" 0 33 4 2 1 0 837
"12261" "cbsnyt" 7 "9158" 0 16 2 2 0 0 1020
"12262" "cbsnyt" 7 "9158" 0 5 2 1 1 0 1229
"12263" "cbsnyt" 7 "9158" 0 44 3 2 1 0 595
"12264" "cbsnyt" 7 "9158" NA 44 2 2 1 0 395
"12265" "cbsnyt" 7 "9158" 0 10 3 1 1 0 906
"12266" "cbsnyt" 7 "9158" 1 39 2 1 0 0 1422
"12267" "cbsnyt" 7 "9158" 1 10 4 2 0 0 695
"12268" "cbsnyt" 7 "9158" 1 33 4 2 0 0 708
"12269" "cbsnyt" 7 "9158" 0 10 2 3 0 0 1049
"12270" "cbsnyt" 7 "9158" 1 1 2 1 0 0 2792
"12271" "cbsnyt" 7 "9158" NA 5 4 2 0 0 776
"12272" "cbsnyt" 7 "9158" NA 1 3 1 0 0 575
"12273" "cbsnyt" 7 "9158" 1 41 1 3 1 0 1583
"12274" "cbsnyt" 7 "9158" 1 31 4 2 0 0 354
"12275" "cbsnyt" 7 "9158" 0 43 2 2 1 0 593
"12276" "cbsnyt" 7 "9158" 1 43 1 2 1 0 1808
"12277" "cbsnyt" 7 "9158" 0 36 3 2 0 0 384
"12278" "cbsnyt" 7 "9158" 0 33 1 1 1 0 2242
"12279" "cbsnyt" 7 "9158" NA 3 3 2 0 0 842
"12280" "cbsnyt" 7 "9158" 1 15 2 2 0 0 1020
"12281" "cbsnyt" 7 "9158" 1 44 2 2 1 0 1186
"12282" "cbsnyt" 7 "9158" 1 36 2 1 0 0 1420
"12283" "cbsnyt" 7 "9158" 1 10 2 3 0 0 1049
"12284" "cbsnyt" 7 "9158" 0 40 3 3 0 0 2183
"12285" "cbsnyt" 7 "9158" 0 43 1 4 1 0 1042
"12286" "cbsnyt" 7 "9158" 1 5 4 2 0 0 388
"12287" "cbsnyt" 7 "9158" 0 5 3 4 1 0 791
"12288" "cbsnyt" 7 "9158" 0 1 3 2 1 0 595
"12289" "cbsnyt" 7 "9158" 1 40 3 1 0 0 1171
"12290" "cbsnyt" 7 "9158" NA 34 3 1 1 0 906
"12291" "cbsnyt" 7 "9158" 1 10 2 4 1 0 440
"12292" "cbsnyt" 7 "9158" 0 14 4 2 1 0 558
"12293" "cbsnyt" 7 "9158" 1 48 3 2 1 0 332
"12294" "cbsnyt" 7 "9158" 1 39 2 1 1 0 1121
"12295" "cbsnyt" 7 "9158" 0 31 4 3 1 0 697
"12296" "cbsnyt" 7 "9158" 0 49 3 2 0 0 755
"12297" "cbsnyt" 7 "9158" 1 44 3 3 0 0 858
"12298" "cbsnyt" 7 "9158" 0 11 2 2 0 1 798
"12299" "cbsnyt" 7 "9158" 1 36 4 2 0 0 707
"12300" "cbsnyt" 7 "9158" 0 14 1 2 1 0 2759
"12301" "cbsnyt" 7 "9158" 0 10 2 4 1 0 440
"12302" "cbsnyt" 7 "9158" 0 5 4 2 0 0 388
"12303" "cbsnyt" 7 "9158" 0 33 4 1 0 1 670
"12304" "cbsnyt" 7 "9158" 0 14 4 1 1 0 497
"12305" "cbsnyt" 7 "9158" 0 22 2 2 0 0 511
"12306" "cbsnyt" 7 "9158" 0 33 2 2 1 0 805
"12307" "cbsnyt" 7 "9158" 1 7 4 2 0 0 354
"12308" "cbsnyt" 7 "9158" 0 23 2 1 1 1 1652
"12309" "cbsnyt" 7 "9158" 1 11 2 1 1 0 550
"12310" "cbsnyt" 7 "9158" 1 33 2 4 1 0 448
"12311" "cbsnyt" 7 "9158" 0 36 3 3 0 0 872
"12312" "cbsnyt" 7 "9158" 0 22 1 1 0 0 2132
"12313" "cbsnyt" 7 "9158" 0 14 2 2 1 0 1608
"12314" "cbsnyt" 7 "9158" 0 23 3 3 1 0 1032
"12315" "cbsnyt" 7 "9158" 1 11 1 2 1 0 1808
"12316" "cbsnyt" 7 "9158" 1 44 3 1 1 0 906
"12317" "cbsnyt" 7 "9158" 1 36 2 1 1 0 1120
"12318" "cbsnyt" 7 "9158" 0 31 3 2 1 0 606
"12319" "cbsnyt" 7 "9158" 1 36 3 3 1 0 688
"12320" "cbsnyt" 7 "9158" 0 33 3 3 1 0 172
"12321" "cbsnyt" 7 "9158" 0 33 4 4 1 0 279
"12322" "cbsnyt" 7 "9158" 0 5 4 3 1 0 1146
"12323" "cbsnyt" 7 "9158" 0 21 2 2 0 0 501
"12324" "cbsnyt" 7 "9158" 1 31 4 1 1 0 664
"12325" "cbsnyt" 7 "9158" 0 23 3 2 1 1 446
"12326" "cbsnyt" 7 "9158" 0 20 4 4 1 0 317
"12327" "cbsnyt" 7 "9158" 0 44 3 1 1 1 1337
"12328" "cbsnyt" 7 "9158" 1 38 1 4 0 0 1475
"12329" "cbsnyt" 7 "9158" 0 7 2 3 0 0 1603
"12330" "cbsnyt" 7 "9158" 1 6 4 3 0 0 242
"12331" "cbsnyt" 7 "9158" 0 5 1 4 0 0 2950
"12332" "cbsnyt" 7 "9158" 1 1 2 4 1 0 880
"12333" "cbsnyt" 7 "9158" 0 5 3 2 1 0 664
"12334" "cbsnyt" 7 "9158" 0 44 2 2 1 0 790
"12335" "cbsnyt" 7 "9158" NA 16 2 2 1 0 804
"12336" "cbsnyt" 7 "9158" 0 39 4 3 1 0 697
"12337" "cbsnyt" 7 "9158" 1 31 2 1 0 0 355
"12338" "cbsnyt" 7 "9158" 1 22 4 1 0 0 842
"12339" "cbsnyt" 7 "9158" NA 39 2 3 0 0 1069
"12340" "cbsnyt" 7 "9158" 0 31 4 2 1 0 558
"12341" "cbsnyt" 7 "9158" 0 16 4 2 0 0 707
"12342" "cbsnyt" 7 "9158" 0 10 1 4 1 0 1042
"12343" "cbsnyt" 7 "9158" 0 6 4 3 1 1 564
"12344" "cbsnyt" 7 "9158" 0 37 1 2 1 0 1808
"12345" "cbsnyt" 7 "9158" 1 14 2 4 1 0 448
"12346" "cbsnyt" 7 "9158" 1 5 2 2 1 0 882
"12347" "cbsnyt" 7 "9158" 1 48 2 4 0 0 1246
"12348" "cbsnyt" 7 "9158" 1 37 3 1 1 0 680
"12349" "cbsnyt" 7 "9158" 1 36 3 3 1 0 344
"12350" "cbsnyt" 7 "9158" 0 21 2 3 0 1 2507
"12351" "cbsnyt" 7 "9158" 1 5 3 2 1 0 332
"12352" "cbsnyt" 7 "9158" 0 5 1 4 1 0 1744
"12353" "cbsnyt" 7 "9158" 0 21 3 1 0 0 1150
"12354" "cbsnyt" 7 "9158" NA 47 2 1 0 0 1396
"12355" "cbsnyt" 7 "9158" 0 5 4 3 0 0 969
"12356" "cbsnyt" 7 "9158" 1 44 2 2 1 0 1581
"12357" "cbsnyt" 7 "9158" NA 16 1 4 0 0 1344
"12358" "cbsnyt" 7 "9158" NA 26 3 2 1 0 605
"12359" "cbsnyt" 7 "9158" 1 38 2 3 1 0 924
"12360" "cbsnyt" 7 "9158" 0 14 2 2 1 0 603
"12361" "cbsnyt" 7 "9158" 0 10 4 1 0 0 826
"12362" "cbsnyt" 7 "9158" 1 5 2 2 0 0 560
"12363" "cbsnyt" 7 "9158" 0 10 1 4 1 1 1537
"12364" "cbsnyt" 7 "9158" 0 22 2 4 0 0 1137
"12365" "cbsnyt" 7 "9158" NA 41 1 4 1 0 2083
"12366" "cbsnyt" 7 "9158" 1 22 4 2 0 0 354
"12367" "cbsnyt" 7 "9158" NA 14 2 3 1 0 842
"12368" "cbsnyt" 7 "9158" 1 39 2 2 0 0 1021
"12369" "cbsnyt" 7 "9158" 0 34 2 2 1 0 790
"12370" "cbsnyt" 7 "9158" 1 33 2 1 1 0 841
"12371" "cbsnyt" 7 "9158" 1 39 4 1 1 0 664
"12372" "cbsnyt" 7 "9158" 1 10 2 3 1 0 414
"12373" "cbsnyt" 7 "9158" 0 33 4 3 0 0 442
"12374" "cbsnyt" 7 "9158" 0 44 2 2 1 1 1750
"12375" "cbsnyt" 7 "9158" 0 25 1 3 1 1 1558
"12376" "cbsnyt" 7 "9158" NA 15 1 4 1 0 1060
"12377" "cbsnyt" 7 "9158" 1 5 2 3 0 0 1171
"12378" "cbsnyt" 7 "9158" 1 48 4 3 0 0 485
"12379" "cbsnyt" 7 "9158" 1 10 2 4 1 0 880
"12380" "cbsnyt" 7 "9158" 1 36 1 4 1 0 1060
"12381" "cbsnyt" 7 "9158" 1 40 3 3 0 0 1747
"12382" "cbsnyt" 7 "9158" NA 7 4 3 0 0 884
"12383" "cbsnyt" 7 "9158" 1 3 3 3 1 0 755
"12384" "cbsnyt" 7 "9158" 1 3 3 3 0 0 957
"12385" "cbsnyt" 7 "9158" NA 14 2 4 0 0 1136
"12386" "cbsnyt" 7 "9158" 1 36 2 2 0 0 1020
"12387" "cbsnyt" 7 "9158" 1 5 2 4 1 1 1450
"12388" "cbsnyt" 7 "9158" NA 49 3 2 1 0 1190
"12389" "cbsnyt" 7 "9158" 1 34 4 2 0 0 695
"12390" "cbsnyt" 7 "9158" 1 10 1 4 0 0 1321
"12391" "cbsnyt" 7 "9158" 1 19 2 3 0 0 1049
"12392" "cbsnyt" 7 "9158" 0 5 1 4 0 0 1475
"12393" "cbsnyt" 7 "9158" 1 24 3 2 1 0 605
"12394" "cbsnyt" 7 "9158" NA 19 2 1 1 1 1624
"12395" "cbsnyt" 7 "9158" 0 28 1 4 0 0 1344
"12396" "cbsnyt" 7 "9158" NA 14 4 3 1 0 348
"12397" "cbsnyt" 7 "9158" 0 1 1 4 1 0 2083
"12398" "cbsnyt" 7 "9158" 1 43 2 1 1 0 1101
"12399" "cbsnyt" 7 "9158" 0 38 1 4 0 0 1475
"12400" "cbsnyt" 7 "9158" 1 5 4 3 1 0 764
"12401" "cbsnyt" 7 "9158" 1 5 4 3 1 0 764
"12402" "cbsnyt" 7 "9158" 0 39 2 3 0 0 1069
"12403" "cbsnyt" 7 "9158" 1 33 4 2 1 0 279
"12404" "cbsnyt" 7 "9158" 0 44 1 4 1 0 1042
"12405" "cbsnyt" 7 "9158" 1 34 2 3 1 0 827
"12406" "cbsnyt" 7 "9158" 0 10 3 4 0 0 449
"12407" "cbsnyt" 7 "9158" 0 47 4 2 1 1 809
"12408" "cbsnyt" 7 "9158" 1 47 2 3 0 0 1049
"12409" "cbsnyt" 7 "9158" 0 5 3 2 0 0 421
"12410" "cbsnyt" 7 "9158" 1 44 3 3 1 0 676
"12411" "cbsnyt" 7 "9158" 1 19 3 4 1 0 1063
"12412" "cbsnyt" 7 "9158" 0 18 1 3 1 0 2111
"12413" "cbsnyt" 7 "9158" 0 36 2 3 1 0 842
"12414" "cbsnyt" 7 "9158" 1 36 2 3 1 0 842
"12415" "cbsnyt" 7 "9158" NA 4 1 4 1 0 2083
"12416" "cbsnyt" 7 "9158" 0 18 2 1 0 0 698
"12417" "cbsnyt" 7 "9158" 0 36 4 2 1 0 558
"12418" "cbsnyt" 7 "9158" 0 10 1 4 1 0 3125
"12419" "cbsnyt" 7 "9158" 1 17 4 2 0 0 707
"12420" "cbsnyt" 7 "9158" 1 39 2 3 1 0 843
"12421" "cbsnyt" 7 "9158" 0 39 3 2 1 1 223
"12422" "cbsnyt" 7 "9158" 1 11 2 2 0 0 1003
"12423" "cbsnyt" 7 "9158" NA 23 1 4 1 0 1060
"12424" "cbsnyt" 7 "9158" NA 10 3 3 1 0 676
"12425" "cbsnyt" 7 "9158" NA 14 3 1 1 0 922
"12426" "cbsnyt" 7 "9158" NA 23 2 1 0 0 710
"12427" "cbsnyt" 7 "9158" NA 21 1 4 1 0 3125
"12428" "cbsnyt" 7 "9158" NA 50 1 2 0 0 3500
"12429" "cbsnyt" 7 "9158" NA 33 2 1 1 1 827
"12430" "cbsnyt" 7 "9158" NA 3 2 1 1 0 1843
"12431" "cbsnyt" 7 "9158" NA 5 2 1 0 0 1558
"12432" "cbsnyt" 7 "9158" NA 34 1 3 0 0 2678
"12433" "cbsnyt" 7 "9158" NA 43 1 4 1 0 2083
"12434" "cbsnyt" 7 "9158" NA 36 2 1 1 0 1120
"12435" "cbsnyt" 7 "9158" NA 15 4 2 0 0 707
"12436" "cbsnyt" 7 "9158" NA 36 2 2 1 0 804
"12437" "cbsnyt" 7 "9158" NA 15 2 1 0 0 1420
"12438" "cbsnyt" 7 "9158" NA 33 2 3 0 0 1069
"12439" "cbsnyt" 7 "9158" NA 34 3 2 0 0 377
"12440" "cbsnyt" 7 "9158" NA 1 1 4 1 0 2083
"12441" "cbsnyt" 7 "9158" NA 21 2 2 0 0 501
"12442" "cbsnyt" 7 "9158" NA 31 4 1 0 0 842
"12443" "cbsnyt" 7 "9158" NA 24 2 2 1 0 804
"12444" "cbsnyt" 7 "9158" NA 3 1 3 1 0 1178
"12445" "cbsnyt" 7 "9158" NA 39 2 1 1 0 560
"12446" "cbsnyt" 7 "9158" NA 36 1 4 1 1 1564
"12447" "cbsnyt" 7 "9158" NA 38 1 1 1 0 1229
"12448" "cbsnyt" 7 "9158" NA 14 2 2 0 0 510
"12449" "cbsnyt" 7 "9158" NA 24 2 2 0 0 1020
"12450" "cbsnyt" 7 "9158" NA 32 2 3 1 0 924
"12451" "cbsnyt" 7 "9158" NA 33 3 4 1 0 361
"12452" "cbsnyt" 7 "9158" NA 33 2 4 1 1 661
"12453" "cbsnyt" 7 "9158" NA 40 2 1 1 1 1654
"12454" "cbsnyt" 7 "9158" NA 10 2 2 1 0 1186
"12455" "cbsnyt" 7 "9158" NA 33 2 4 1 0 403
"12456" "cbsnyt" 7 "9158" NA 14 3 1 1 0 922
"12457" "cbsnyt" 7 "9158" NA 36 4 3 0 0 883
"12458" "cbsnyt" 7 "9158" NA 39 2 3 1 0 1264
"12459" "cbsnyt" 7 "9158" NA 5 3 2 1 0 664
"12460" "cbsnyt" 7 "9158" 1 48 2 2 0 0 1119
"12461" "cbsnyt" 7 "9158" 0 48 3 2 1 0 332
"12462" "cbsnyt" 7 "9158" 1 13 4 2 0 0 1164
"12463" "cbsnyt" 7 "9158" 0 5 4 2 1 0 918
"12464" "cbsnyt" 7 "9158" 0 23 2 1 1 0 1120
"12465" "cbsnyt" 7 "9158" 0 36 3 3 0 0 436
"12466" "cbsnyt" 7 "9158" 1 10 4 4 0 0 1580
"12467" "cbsnyt" 7 "9158" 1 33 2 4 0 0 1137
"12468" "cbsnyt" 7 "9158" 1 50 2 1 1 0 1120
"12469" "cbsnyt" 7 "9158" 1 43 4 2 0 0 695
"12470" "cbsnyt" 7 "9158" 0 23 2 3 1 0 842
"12471" "cbsnyt" 7 "9158" 0 36 2 3 1 0 421
"12472" "cbsnyt" 7 "9158" 1 11 4 2 0 0 695
"12473" "cbsnyt" 7 "9158" 0 50 4 2 1 1 411
"12474" "cbsnyt" 7 "9158" 0 24 2 2 0 0 510
"12475" "cbsnyt" 7 "9158" 0 22 4 1 0 0 842
"12476" "cbsnyt" 7 "9158" 1 14 4 2 1 0 558
"12477" "cbsnyt" 7 "9158" 0 17 2 4 1 0 448
"12478" "cbsnyt" 7 "9158" 0 33 4 2 1 0 279
"12479" "cbsnyt" 7 "9158" 0 15 1 1 0 0 1420
"12480" "cbsnyt" 7 "9158" NA 33 4 2 0 0 708
"12481" "cbsnyt" 7 "9158" NA 37 2 1 0 0 1396
"12482" "cbsnyt" 7 "9158" 0 35 2 2 0 0 1020
"12483" "cbsnyt" 7 "9158" 0 19 4 2 0 0 695
"12484" "cbsnyt" 7 "9158" 0 33 3 1 1 0 462
"12485" "cbsnyt" 7 "9158" 0 5 2 1 0 0 2337
"12486" "cbsnyt" 7 "9158" 0 50 3 1 1 0 461
"12487" "cbsnyt" 7 "9158" 1 5 3 1 0 0 962
"12488" "cbsnyt" 7 "9158" 0 10 2 3 1 0 827
"12489" "cbsnyt" 7 "9158" 0 14 2 2 1 0 804
"12490" "cbsnyt" 7 "9158" 0 26 2 1 1 1 1652
"12491" "cbsnyt" 7 "9158" 1 36 3 2 0 0 384
"12492" "cbsnyt" 7 "9158" 1 14 4 4 1 0 317
"12493" "cbsnyt" 7 "9158" 0 49 4 1 1 0 652
"12494" "cbsnyt" 7 "9158" NA 47 2 2 1 0 790
"12495" "cbsnyt" 7 "9158" 1 31 2 1 1 0 1681
"12496" "cbsnyt" 7 "9158" 1 39 2 3 1 0 843
"12497" "cbsnyt" 7 "9158" 1 44 3 2 1 0 595
"12498" "cbsnyt" 7 "9158" 1 21 4 3 0 0 868
"12499" "cbsnyt" 7 "9158" 1 10 4 4 1 0 623
"12500" "cbsnyt" 7 "9158" 1 1 2 2 0 0 1003
"12501" "cbsnyt" 7 "9158" 1 10 2 1 0 0 698
"12502" "cbsnyt" 7 "9158" 1 47 4 3 1 0 513
"12503" "cbsnyt" 7 "9158" 1 10 2 4 0 0 1116
"12504" "cbsnyt" 7 "9158" 1 43 1 2 1 0 1808
"12505" "cbsnyt" 7 "9158" 0 11 2 2 1 1 1750
"12506" "cbsnyt" 7 "9158" 1 10 4 2 1 0 274
"12507" "cbsnyt" 7 "9158" 1 1 1 4 0 0 1321
"12508" "cbsnyt" 7 "9158" 1 33 2 2 1 0 1208
"12509" "cbsnyt" 7 "9158" 1 10 2 4 1 0 1320
"12510" "cbsnyt" 7 "9158" 0 21 1 4 1 0 1042
"12511" "cbsnyt" 7 "9158" 1 1 1 3 1 0 2111
"12512" "cbsnyt" 7 "9158" 0 44 2 3 0 0 1049
"12513" "cbsnyt" 7 "9158" 0 21 4 2 0 0 1043
"12514" "cbsnyt" 7 "9158" 1 47 4 4 1 0 623
"12515" "cbsnyt" 7 "9158" NA 25 1 4 1 0 2083
"12516" "cbsnyt" 7 "9158" 0 34 1 3 1 1 1558
"12517" "cbsnyt" 7 "9158" 0 33 4 1 0 0 842
"12518" "cbsnyt" 7 "9158" 1 47 2 3 1 0 827
"12519" "cbsnyt" 7 "9158" 1 39 4 2 0 0 708
"12520" "cbsnyt" 7 "9158" 1 18 1 2 1 0 2712
"12521" "cbsnyt" 7 "9158" 1 47 3 4 1 0 354
"12522" "cbsnyt" 7 "9158" 1 44 4 2 0 0 348
"12523" "cbsnyt" 7 "9158" 0 41 4 2 0 0 695
"12524" "cbsnyt" 7 "9158" 1 47 4 3 1 0 1027
"12525" "cbsnyt" 7 "9158" 0 26 2 4 0 0 568
"12526" "cbsnyt" 7 "9158" 1 10 4 1 1 0 652
"12527" "cbsnyt" 7 "9158" 1 44 3 2 1 0 595
"12528" "cbsnyt" 7 "9158" 1 10 3 4 1 0 354
"12529" "cbsnyt" 7 "9158" 1 43 2 3 0 0 1049
"12530" "cbsnyt" 7 "9158" 1 49 2 1 0 0 698
"12531" "cbsnyt" 7 "9158" 1 47 3 1 0 0 1150
"12532" "cbsnyt" 7 "9158" 1 41 2 2 1 0 790
"12533" "cbsnyt" 7 "9158" 0 18 4 3 1 0 1027
"12534" "cbsnyt" 7 "9158" 0 10 2 3 1 0 827
"12535" "cbsnyt" 7 "9158" 1 42 4 1 1 0 663
"12536" "cbsnyt" 7 "9158" 0 22 1 4 0 0 1346
"12537" "cbsnyt" 7 "9158" 1 47 4 4 1 0 548
"12538" "cbsnyt" 7 "9158" 0 21 2 3 1 1 1831
"12539" "cbsnyt" 7 "9158" 1 7 3 3 1 0 1033
"12540" "cbsnyt" 7 "9158" 1 41 1 3 1 1 1558
"12541" "cbsnyt" 7 "9158" 1 10 2 2 0 0 1003
"12542" "cbsnyt" 7 "9158" 1 21 2 4 1 0 880
"12543" "cbsnyt" 7 "9158" 1 31 4 2 1 0 558
"12544" "cbsnyt" 7 "9158" 0 11 3 3 0 0 858
"12545" "cbsnyt" 7 "9158" 1 17 4 3 1 0 696
"12546" "cbsnyt" 7 "9158" 1 34 1 1 0 0 698
"12547" "cbsnyt" 7 "9158" 1 11 3 2 1 0 1487
"12548" "cbsnyt" 7 "9158" 0 44 2 2 1 1 292
"12549" "cbsnyt" 7 "9158" 0 41 4 2 0 1 1107
"12550" "cbsnyt" 7 "9158" 0 21 1 4 0 1 2104
"12551" "cbsnyt" 7 "9158" 1 26 2 2 1 0 804
"12552" "cbsnyt" 7 "9158" 1 33 3 1 1 0 923
"12553" "cbsnyt" 7 "9158" 1 31 2 2 1 0 1610
"12554" "cbsnyt" 7 "9158" 0 33 4 2 1 0 279
"12555" "cbsnyt" 7 "9158" 0 4 1 4 0 0 2642
"12556" "cbsnyt" 7 "9158" 0 33 4 2 1 0 558
"12557" "cbsnyt" 7 "9158" NA 31 2 4 0 0 568
"12558" "cbsnyt" 7 "9158" 1 50 1 2 0 0 4666
"12559" "cbsnyt" 7 "9158" 0 31 4 1 1 0 664
"12560" "cbsnyt" 7 "9158" 0 16 3 2 1 0 605
"12561" "cbsnyt" 7 "9158" 1 10 4 2 0 0 695
"12562" "cbsnyt" 7 "9158" 1 48 2 3 0 0 586
"12563" "cbsnyt" 7 "9158" 1 33 4 2 0 0 354
"12564" "cbsnyt" 7 "9158" 1 31 4 2 1 0 279
"12565" "cbsnyt" 7 "9158" 0 33 3 2 0 0 768
"12566" "cbsnyt" 7 "9158" 0 25 4 1 1 0 652
"12567" "cbsnyt" 7 "9158" 0 4 3 3 0 0 858
"12568" "cbsnyt" 7 "9158" 0 33 1 3 0 1 4343
"12569" "cbsnyt" 7 "9158" 0 24 2 3 0 0 1068
"12570" "cbsnyt" 7 "9158" 0 36 2 3 1 0 2104
"12571" "cbsnyt" 7 "9158" 1 47 4 2 0 0 695
"12572" "cbsnyt" 7 "9158" 1 7 4 1 1 0 664
"12573" "cbsnyt" 7 "9158" 1 33 2 1 1 0 1121
"12574" "cbsnyt" 7 "9158" 1 33 3 4 1 0 361
"12575" "cbsnyt" 7 "9158" 1 10 2 1 0 0 1396
"12576" "cbsnyt" 7 "9158" 1 50 3 3 1 0 688
"12577" "cbsnyt" 7 "9158" 1 49 1 3 0 0 2678
"12578" "cbsnyt" 7 "9158" 1 37 1 1 0 0 2094
"12579" "cbsnyt" 7 "9158" 0 33 2 4 0 0 1137
"12580" "cbsnyt" 7 "9158" 0 39 2 3 1 0 1264
"12581" "cbsnyt" 7 "9158" 0 47 1 4 1 1 1537
"12582" "cbsnyt" 7 "9158" 1 33 2 4 1 0 896
"12583" "cbsnyt" 7 "9158" 0 33 2 4 0 0 1137
"12584" "cbsnyt" 7 "9158" 0 44 1 2 1 0 1808
"12585" "cbsnyt" 7 "9158" 0 5 3 2 1 0 664
"12586" "cbsnyt" 7 "9158" 0 36 1 3 1 0 2148
"12587" "cbsnyt" 7 "9158" 1 39 4 2 0 0 708
"12588" "cbsnyt" 7 "9158" 0 44 4 2 1 0 822
"12589" "cbsnyt" 7 "9158" 1 24 3 4 0 0 914
"12590" "cbsnyt" 7 "9158" 1 10 4 3 1 0 342
"12591" "cbsnyt" 7 "9158" 1 41 3 4 1 0 354
"12592" "cbsnyt" 7 "9158" 1 33 2 1 1 0 1121
"12593" "cbsnyt" 7 "9158" 1 33 2 1 1 0 1681
"12594" "cbsnyt" 7 "9158" 0 21 3 2 1 0 297
"12595" "cbsnyt" 7 "9158" 1 33 2 2 1 0 805
"12596" "cbsnyt" 7 "9158" 1 50 3 2 0 0 384
"12597" "cbsnyt" 7 "9158" 1 36 2 3 1 0 842
"12598" "cbsnyt" 7 "9158" 1 33 4 4 0 0 1207
"12599" "cbsnyt" 7 "9158" 1 16 1 1 1 0 1120
"12600" "cbsnyt" 7 "9158" 1 39 1 2 1 0 921
"12601" "cbsnyt" 7 "9158" 1 47 4 2 0 0 695
"12602" "cbsnyt" 7 "9158" 0 44 4 3 1 0 684
"12603" "cbsnyt" 7 "9158" 1 22 4 1 0 0 1262
"12604" "cbsnyt" 7 "9158" 0 26 2 2 0 0 2040
"12605" "cbsnyt" 7 "9158" 0 22 4 2 1 0 279
"12606" "cbsnyt" 7 "9158" 0 10 2 4 1 0 880
"12607" "cbsnyt" 7 "9158" 0 49 2 3 1 0 827
"12608" "cbsnyt" 7 "9158" 0 50 4 2 1 0 558
"12609" "cbsnyt" 7 "9158" 0 35 4 2 0 0 707
"12610" "cbsnyt" 7 "9158" 1 22 2 2 0 0 1021
"12611" "cbsnyt" 7 "9158" 1 11 2 4 1 0 1320
"12612" "cbsnyt" 7 "9158" NA 33 2 2 0 1 2439
"12613" "cbsnyt" 7 "9158" 1 36 2 2 0 0 510
"12614" "cbsnyt" 7 "9158" 1 31 2 3 1 0 421
"12615" "cbsnyt" 7 "9158" 1 1 3 1 1 0 1813
"12616" "cbsnyt" 7 "9158" 1 36 2 1 1 0 560
"12617" "cbsnyt" 7 "9158" NA 21 2 4 0 0 1116
"12618" "cbsnyt" 7 "9158" NA 33 2 1 1 0 1121
"12619" "cbsnyt" 7 "9158" 0 36 1 4 1 0 2119
"12620" "cbsnyt" 7 "9158" 0 24 1 1 1 1 1652
"12621" "cbsnyt" 7 "9158" 0 50 2 1 1 0 1120
"12622" "cbsnyt" 7 "9158" 0 31 2 1 1 1 3308
"12623" "cbsnyt" 7 "9158" 0 10 1 1 1 0 550
"12624" "cbsnyt" 7 "9158" 0 31 2 3 1 1 3108
"12625" "cbsnyt" 7 "9158" 1 14 4 4 1 0 317
"12626" "cbsnyt" 7 "9158" 1 23 2 3 1 0 1263
"12627" "cbsnyt" 7 "9158" 1 28 4 2 1 0 1394
"12628" "cbsnyt" 7 "9158" 0 22 4 2 1 0 558
"12629" "cbsnyt" 7 "9158" 1 22 3 3 1 0 689
"12630" "cbsnyt" 7 "9158" 0 23 3 2 1 0 605
"12631" "cbsnyt" 7 "9158" 1 23 2 1 0 0 710
"12632" "cbsnyt" 7 "9158" 0 14 4 4 1 0 317
"12633" "cbsnyt" 7 "9158" 0 28 4 2 0 0 707
"12634" "cbsnyt" 7 "9158" 0 44 2 1 1 0 1651
"12635" "cbsnyt" 7 "9158" 1 7 2 3 1 0 1264
"12636" "cbsnyt" 7 "9158" 0 33 2 2 1 0 805
"12637" "cbsnyt" 7 "9158" 1 37 2 1 1 0 1101
"12638" "cbsnyt" 7 "9158" 1 15 3 1 1 0 461
"12639" "cbsnyt" 7 "9158" 0 36 1 4 1 0 1060
"12640" "cbsnyt" 7 "9158" 1 19 2 3 1 0 827
"12641" "cbsnyt" 7 "9158" 1 16 4 1 1 0 331
"12642" "cbsnyt" 7 "9158" 1 33 1 2 0 0 1752
"12643" "cbsnyt" 7 "9158" 0 5 3 3 1 0 755
"12644" "cbsnyt" 7 "9158" 1 5 3 4 0 0 502
"12645" "cbsnyt" 7 "9158" 1 48 2 1 1 0 1229
"12646" "cbsnyt" 7 "9158" 1 36 1 3 0 0 2724
"12647" "cbsnyt" 7 "9158" 1 5 1 4 0 0 2950
"12648" "cbsnyt" 7 "9158" 1 41 2 3 1 1 2442
"12649" "cbsnyt" 7 "9158" 1 23 2 4 1 0 895
"12650" "cbsnyt" 7 "9158" 1 45 2 3 1 0 924
"12651" "cbsnyt" 7 "9158" 0 44 2 2 0 0 501
"12652" "cbsnyt" 7 "9158" 1 36 4 3 0 0 883
"12653" "cbsnyt" 7 "9158" 1 3 2 4 1 0 983
"12654" "cbsnyt" 7 "9158" 1 5 3 2 1 0 332
"12655" "cbsnyt" 7 "9158" 1 5 2 3 1 0 462
"12656" "cbsnyt" 7 "9158" 1 3 3 4 1 0 791
"12657" "cbsnyt" 7 "9158" 0 32 4 2 0 0 388
"12658" "cbsnyt" 7 "9158" 0 14 4 1 0 1 1004
"12659" "cbsnyt" 7 "9158" NA 15 2 1 0 0 1420
"12660" "cbsnyt" 7 "9158" 1 1 4 1 1 0 652
"12661" "cbsnyt" 7 "9158" 1 45 4 2 1 0 306
"12662" "cbsnyt" 7 "9158" 1 50 3 4 0 0 914
"12663" "cbsnyt" 7 "9158" 1 26 2 1 0 0 4260
"12664" "cbsnyt" 7 "9158" 1 47 3 4 1 0 709
"12665" "cbsnyt" 7 "9158" 0 9 3 2 1 1 439
"12666" "cbsnyt" 7 "9158" 0 5 2 1 1 0 614
"12667" "cbsnyt" 7 "9158" 0 33 4 1 0 0 421
"12668" "cbsnyt" 7 "9158" 0 44 2 2 1 0 790
"12669" "cbsnyt" 7 "9158" 0 3 2 1 0 0 1558
"12670" "cbsnyt" 7 "9158" 0 23 3 3 1 0 344
"12671" "cbsnyt" 7 "9158" 1 28 3 1 1 0 922
"12672" "cbsnyt" 7 "9158" 0 26 2 3 1 1 1242
"12673" "cbsnyt" 7 "9158" 0 3 4 3 1 0 764
"12674" "cbsnyt" 7 "9158" 0 5 4 2 0 0 388
"12675" "cbsnyt" 7 "9158" 1 47 3 2 0 0 755
"12676" "cbsnyt" 7 "9158" 1 24 2 2 1 0 804
"12677" "cbsnyt" 7 "9158" 1 23 1 1 1 0 1679
"12678" "cbsnyt" 7 "9158" 1 5 4 2 1 0 612
"12679" "cbsnyt" 7 "9158" 1 5 4 1 1 0 546
"12680" "cbsnyt" 7 "9158" 1 16 3 3 1 0 688
"12681" "cbsnyt" 7 "9158" 1 48 4 4 1 0 348
"12682" "cbsnyt" 7 "9158" 1 36 4 2 0 0 707
"12683" "cbsnyt" 7 "9158" 1 39 4 2 1 0 558
"12684" "cbsnyt" 7 "9158" 0 48 2 2 0 0 560
"12685" "cbsnyt" 7 "9158" 0 10 4 1 1 0 652
"12686" "cbsnyt" 7 "9158" 1 33 1 3 0 0 2727
"12687" "cbsnyt" 7 "9158" 0 10 3 4 1 0 354
"12688" "cbsnyt" 7 "9158" 1 10 2 1 1 0 275
"12689" "cbsnyt" 7 "9158" 1 23 2 1 1 0 1120
"12690" "cbsnyt" 7 "9158" 1 1 2 2 1 0 395
"12691" "cbsnyt" 7 "9158" 1 27 3 2 0 0 842
"12692" "cbsnyt" 7 "9158" 0 15 2 3 0 0 1068
"12693" "cbsnyt" 7 "9158" 1 23 2 3 0 0 1068
"12694" "cbsnyt" 7 "9158" 0 36 4 1 1 1 489
"12695" "cbsnyt" 7 "9158" 1 15 2 2 1 0 804
"12696" "cbsnyt" 7 "9158" 0 6 4 2 0 0 388
"12697" "cbsnyt" 7 "9158" 0 5 1 1 0 0 779
"12698" "cbsnyt" 7 "9158" 0 39 1 4 0 0 1346
"12699" "cbsnyt" 7 "9158" NA 10 2 4 0 0 1116
"12700" "cbsnyt" 7 "9158" 1 33 2 3 1 0 2528
"12701" "cbsnyt" 7 "9158" 1 45 4 1 0 0 923
"12702" "cbsnyt" 7 "9158" 1 5 4 2 0 0 776
"12703" "cbsnyt" 7 "9158" 1 5 2 2 0 0 1119
"12704" "cbsnyt" 7 "9158" 1 6 2 1 0 0 2337
"12705" "cbsnyt" 7 "9158" 0 14 3 3 1 0 344
"12706" "cbsnyt" 7 "9158" 0 50 2 2 0 0 510
"12707" "cbsnyt" 7 "9158" 0 36 3 2 0 0 768
"12708" "cbsnyt" 7 "9158" 0 5 2 3 1 0 693
"12709" "cbsnyt" 7 "9158" 1 33 4 1 1 0 332
"12710" "cbsnyt" 7 "9158" 1 25 4 3 1 0 342
"12711" "cbsnyt" 7 "9158" 1 5 4 1 0 0 923
"12712" "cbsnyt" 7 "9158" 0 6 2 3 1 0 924
"12713" "cbsnyt" 7 "9158" 1 8 2 3 0 0 1049
"12714" "cbsnyt" 7 "9158" 1 43 3 3 1 0 338
"12715" "cbsnyt" 7 "9158" 0 31 2 1 0 0 2132
"12716" "cbsnyt" 7 "9158" 0 22 4 2 0 0 354
"12717" "cbsnyt" 7 "9158" 1 33 3 3 1 0 689
"12718" "cbsnyt" 7 "9158" 0 24 3 2 0 0 384
"12719" "cbsnyt" 7 "9158" 0 21 4 2 1 1 809
"12720" "cbsnyt" 7 "9158" 0 5 4 4 0 0 1323
"12721" "cbsnyt" 7 "9158" 0 41 1 4 1 0 1042
"12722" "cbsnyt" 7 "9158" 0 48 2 2 0 0 560
"12723" "cbsnyt" 7 "9158" 1 10 4 3 0 0 1302
"12724" "cbsnyt" 7 "9158" 0 5 3 2 1 0 332
"12725" "cbsnyt" 7 "9158" 1 49 2 2 0 0 1003
"12726" "cbsnyt" 7 "9158" 1 5 3 1 1 0 2529
"12727" "cbsnyt" 7 "9158" 1 44 1 3 1 0 2111
"12728" "cbsnyt" 7 "9158" 1 5 2 1 1 1 1813
"12729" "cbsnyt" 7 "9158" 1 44 3 1 1 0 1360
"12730" "cbsnyt" 7 "9158" 1 11 4 1 1 0 652
"12731" "cbsnyt" 7 "9158" 1 39 2 4 1 0 1345
"12732" "cbsnyt" 7 "9158" 0 33 3 1 0 0 1171
"12733" "cbsnyt" 7 "9158" 0 15 1 1 1 0 2239
"12734" "cbsnyt" 7 "9158" 0 24 3 1 1 0 461
"12735" "cbsnyt" 7 "9158" 1 24 4 2 0 0 707
"12736" "cbsnyt" 7 "9158" 1 20 2 1 0 0 1422
"12737" "cbsnyt" 7 "9158" 0 44 4 3 1 0 1027
"12738" "cbsnyt" 7 "9158" 0 33 1 4 0 0 2691
"12739" "cbsnyt" 7 "9158" 0 32 1 2 1 0 2019
"12740" "cbsnyt" 7 "9158" 1 5 1 1 0 0 1558
"12741" "cbsnyt" 7 "9158" 1 33 2 1 0 0 2132
"12742" "cbsnyt" 7 "9158" 1 44 4 2 0 0 348
"12743" "cbsnyt" 7 "9158" 0 23 2 3 1 0 842
"12744" "cbsnyt" 7 "9158" 0 33 4 2 1 0 279
"12745" "cbsnyt" 7 "9158" 1 38 4 4 1 0 695
"12746" "cbsnyt" 7 "9158" 1 5 4 3 0 0 969
"12747" "cbsnyt" 7 "9158" 0 17 2 2 1 0 402
"12748" "cbsnyt" 7 "9158" 1 19 2 2 1 0 790
"12749" "cbsnyt" 7 "9158" 1 34 1 2 1 0 1808
"12750" "cbsnyt" 7 "9158" 1 16 2 4 0 0 568
"12751" "cbsnyt" 7 "9158" 0 1 4 3 1 0 684
"12752" "cbsnyt" 7 "9158" 0 37 2 2 1 0 395
"12753" "cbsnyt" 7 "9158" 0 39 3 1 1 0 923
"12754" "cbsnyt" 7 "9158" 1 31 4 3 0 0 442
"12755" "cbsnyt" 7 "9158" 0 16 3 3 0 0 436
"12756" "cbsnyt" 7 "9158" 0 36 1 2 1 0 2759
"12757" "cbsnyt" 7 "9158" 1 39 4 2 0 0 708
"12758" "cbsnyt" 7 "9158" 0 19 2 2 1 1 1166
"12759" "cbsnyt" 7 "9158" 0 18 2 1 0 0 1396
"12760" "cbsnyt" 7 "9158" 1 41 4 4 1 0 311
"12761" "cbsnyt" 7 "9158" 0 39 4 1 0 0 421
"12762" "cbsnyt" 7 "9158" 0 23 2 2 1 0 402
"12763" "cbsnyt" 7 "9158" 0 7 4 2 1 0 558
"12764" "cbsnyt" 7 "9158" 0 48 2 1 1 0 1229
"12765" "cbsnyt" 7 "9158" 1 34 3 2 0 0 755
"12766" "cbsnyt" 7 "9158" 0 33 4 3 1 0 1045
"12767" "cbsnyt" 7 "9158" 1 4 2 2 0 0 1003
"12768" "cbsnyt" 7 "9158" 1 7 4 1 1 0 664
"12769" "cbsnyt" 7 "9158" 1 33 4 2 0 0 354
"12770" "cbsnyt" 7 "9158" 1 14 2 2 1 0 402
"12771" "cbsnyt" 7 "9158" 0 10 3 2 1 0 595
"12772" "cbsnyt" 7 "9158" NA 23 2 1 1 0 560
"12773" "cbsnyt" 7 "9158" 1 44 4 4 1 0 623
"12774" "cbsnyt" 7 "9158" 1 48 3 4 1 0 396
"12775" "cbsnyt" 7 "9158" 0 14 4 3 0 0 442
"12776" "cbsnyt" 7 "9158" 1 5 4 2 1 0 612
"12777" "cbsnyt" 7 "9158" 0 13 2 2 1 0 441
"12778" "cbsnyt" 7 "9158" 1 43 4 3 0 0 868
"12779" "cbsnyt" 7 "9158" 1 39 2 4 0 0 1137
"12780" "cbsnyt" 7 "9158" 0 32 2 3 1 0 924
"12781" "cbsnyt" 7 "9158" 1 47 3 1 1 0 906
"12782" "cbsnyt" 7 "9158" 1 36 2 2 0 0 510
"12783" "cbsnyt" 7 "9158" 0 33 4 1 0 0 421
"12784" "cbsnyt" 7 "9158" 1 30 2 2 1 0 805
"12785" "cbsnyt" 7 "9158" 1 18 3 1 0 0 2299
"12786" "cbsnyt" 7 "9158" 1 33 2 1 0 0 2843
"12787" "cbsnyt" 7 "9158" 1 26 3 3 0 0 872
"12788" "cbsnyt" 7 "9158" 1 5 2 1 1 0 1229
"12789" "cbsnyt" 7 "9158" 0 5 4 2 1 1 451
"12790" "cbsnyt" 7 "9158" 0 22 3 4 1 0 722
"12791" "cbsnyt" 7 "9158" 0 20 4 1 1 0 664
"12792" "cbsnyt" 7 "9158" 1 23 4 2 0 0 707
"12793" "cbsnyt" 7 "9158" 0 14 3 2 0 0 768
"12794" "cbsnyt" 7 "9158" 1 14 2 2 1 0 804
"12795" "cbsnyt" 7 "9158" 0 47 4 1 0 0 826
"12796" "cbsnyt" 7 "9158" 0 36 2 1 1 0 1120
"12797" "cbsnyt" 7 "9158" 1 36 3 2 1 0 605
"12798" "cbsnyt" 7 "9158" 1 25 4 2 1 0 548
"12799" "cbsnyt" 7 "9158" 1 44 1 4 0 0 1321
"12800" "cbsnyt" 7 "9158" 0 14 2 4 1 0 1343
"12801" "cbsnyt" 7 "9158" 0 39 2 1 1 0 1121
"12802" "cbsnyt" 7 "9158" 0 33 4 1 1 0 664
"12803" "cbsnyt" 7 "9158" 0 38 2 2 1 0 882
"12804" "cbsnyt" 7 "9158" 0 16 1 3 1 0 2148
"12805" "cbsnyt" 7 "9158" 0 48 3 3 0 0 479
"12806" "cbsnyt" 7 "9158" 1 50 2 1 1 0 560
"12807" "cbsnyt" 7 "9158" 1 39 2 3 1 0 421
"12808" "cbsnyt" 7 "9158" 0 33 2 2 1 0 805
"12809" "cbsnyt" 7 "9158" 0 50 2 2 1 0 804
"12810" "cbsnyt" 7 "9158" 1 34 2 3 0 0 1049
"12811" "cbsnyt" 7 "9158" 1 23 3 2 1 0 605
"12812" "cbsnyt" 7 "9158" 1 26 2 1 0 0 710
"12813" "cbsnyt" 7 "9158" 0 6 4 1 1 0 727
"12814" "cbsnyt" 7 "9158" 1 15 3 1 0 0 1169
"12815" "cbsnyt" 7 "9158" 0 14 4 3 0 0 442
"12816" "cbsnyt" 7 "9158" 0 31 4 2 1 0 558
"12817" "cbsnyt" 7 "9158" 0 10 3 3 1 0 676
"12818" "cbsnyt" 7 "9158" 1 11 2 3 1 0 827
"12819" "cbsnyt" 7 "9158" 0 36 3 2 1 0 605
"12820" "cbsnyt" 7 "9158" 0 33 4 4 1 0 317
"12821" "cbsnyt" 7 "9158" 0 26 2 3 1 0 842
"12822" "cbsnyt" 7 "9158" 0 36 1 4 0 1 8562
"12823" "cbsnyt" 7 "9158" 1 5 3 2 1 0 996
"12824" "cbsnyt" 7 "9158" 1 10 2 2 1 0 790
"12825" "cbsnyt" 7 "9158" 1 3 4 3 1 0 764
"12826" "cbsnyt" 7 "9158" 0 42 2 2 1 0 804
"12827" "cbsnyt" 7 "9158" 0 10 2 3 0 1 836
"12828" "cbsnyt" 7 "9158" 1 15 4 2 1 0 558
"12829" "cbsnyt" 7 "9158" 1 41 4 3 0 0 434
"12830" "cbsnyt" 7 "9158" 1 28 2 4 1 0 895
"12831" "cbsnyt" 7 "9158" 0 22 4 2 0 0 708
"12832" "cbsnyt" 7 "9158" 1 3 2 3 0 0 1171
"12833" "cbsnyt" 7 "9158" 1 36 4 3 1 0 696
"12834" "cbsnyt" 7 "9158" 1 21 2 1 1 0 1101
"12835" "cbsnyt" 7 "9158" 1 43 2 3 0 0 1049
"12836" "cbsnyt" 7 "9158" 1 39 2 2 1 0 1208
"12837" "cbsnyt" 7 "9158" 0 8 3 3 1 0 676
"12838" "cbsnyt" 7 "9158" 1 5 2 2 1 0 441
"12839" "cbsnyt" 7 "9158" 0 16 2 1 1 0 560
"12840" "cbsnyt" 7 "9158" 0 24 2 3 0 0 1068
"12841" "cbsnyt" 7 "9158" 0 34 3 1 1 0 906
"12842" "cbsnyt" 7 "9158" 0 36 2 1 1 0 1120
"12843" "cbsnyt" 7 "9158" 0 10 2 4 1 0 880
"12844" "cbsnyt" 7 "9158" 0 24 4 2 1 0 279
"12845" "cbsnyt" 7 "9158" 1 48 4 1 1 0 727
"12846" "cbsnyt" 7 "9158" 0 5 4 2 1 0 612
"12847" "cbsnyt" 7 "9158" 0 24 2 1 1 0 1120
"12848" "cbsnyt" 7 "9158" 0 6 2 1 1 0 1843
"12849" "cbsnyt" 7 "9158" 1 33 1 2 1 0 921
"12850" "cbsnyt" 7 "9158" 0 10 4 2 0 0 695
"12851" "cbsnyt" 7 "9158" 1 3 4 4 0 0 441
"12852" "cbsnyt" 7 "9158" 0 5 4 2 0 0 1552
"12853" "cbsnyt" 7 "9158" 1 35 3 2 0 0 384
"12854" "cbsnyt" 7 "9158" 1 15 4 3 1 0 1044
"12855" "cbsnyt" 7 "9158" 1 5 4 1 0 0 461
"12856" "cbsnyt" 7 "9158" 1 5 1 2 1 0 2019
"12857" "cbsnyt" 7 "9158" 0 27 2 2 1 0 1324
"12858" "cbsnyt" 7 "9158" 1 49 2 1 0 0 2094
"12859" "cbsnyt" 7 "9158" NA 5 4 4 0 0 882
"12860" "cbsnyt" 7 "9158" 1 26 4 2 0 0 707
"12861" "cbsnyt" 7 "9158" 1 5 4 1 1 0 1091
"12862" "cbsnyt" 7 "9158" 1 48 3 2 0 0 842
"12863" "cbsnyt" 7 "9158" 0 28 2 4 0 0 1136
"12864" "cbsnyt" 7 "9158" 1 5 3 2 1 0 498
"12865" "cbsnyt" 7 "9158" 1 5 4 2 1 0 612
"12866" "cbsnyt" 7 "9158" 1 17 3 1 0 0 585
"12867" "cbsnyt" 7 "9158" 1 48 3 1 0 0 1283
"12868" "cbsnyt" 7 "9158" 0 14 2 3 1 0 842
"12869" "cbsnyt" 7 "9158" 1 48 2 2 0 0 1119
"12870" "cbsnyt" 7 "9158" 0 33 4 2 0 0 708
"12871" "cbsnyt" 7 "9158" NA 38 2 3 0 0 1171
"12872" "cbsnyt" 7 "9158" 0 28 4 2 1 0 558
"12873" "cbsnyt" 7 "9158" 0 5 2 1 0 0 1169
"12874" "cbsnyt" 7 "9158" 1 5 2 3 1 0 924
"12875" "cbsnyt" 7 "9158" 1 48 3 2 1 0 332
"12876" "cbsnyt" 7 "9158" 0 5 2 1 1 0 1229
"12877" "cbsnyt" 7 "9158" 0 5 3 1 1 0 2024
"12878" "cbsnyt" 7 "9158" 0 42 2 2 0 0 510
"12879" "cbsnyt" 7 "9158" 0 5 1 4 0 0 2950
"12880" "cbsnyt" 7 "9158" 0 5 1 4 1 0 1163
"12881" "cbsnyt" 7 "9158" 0 48 3 1 0 0 1283
"12882" "cbsnyt" 7 "9158" 0 50 2 1 0 0 1420
"12883" "cbsnyt" 7 "9158" 0 5 3 3 0 0 1436
"12884" "cbsnyt" 7 "9158" 0 5 4 2 0 0 1164
"12885" "cbsnyt" 7 "9158" 0 32 4 2 1 0 1835
"12886" "cbsnyt" 7 "9158" 1 5 4 2 0 0 776
"12887" "cbsnyt" 7 "9158" 0 48 2 3 1 0 924
"12888" "cbsnyt" 7 "9158" 0 5 2 2 0 1 3565
"12889" "cbsnyt" 7 "9158" 1 32 4 3 1 0 764
"12890" "cbsnyt" 7 "9158" 1 3 4 1 0 0 461
"12891" "cbsnyt" 7 "9158" 1 32 4 3 1 0 764
"12892" "cbsnyt" 7 "9158" 0 11 3 1 0 0 1724
"12893" "cbsnyt" 7 "9158" 0 1 2 2 0 1 1597
"12894" "cbsnyt" 7 "9158" 0 44 2 3 1 1 1221
"12895" "cbsnyt" 7 "9158" NA 33 1 3 1 0 1075
"12896" "cbsnyt" 7 "9158" 1 1 3 3 0 0 1286
"12897" "cbsnyt" 7 "9158" 1 15 2 1 1 1 826
"12898" "cbsnyt" 7 "9158" 1 15 3 1 1 0 922
"12899" "cbsnyt" 7 "9158" 1 34 1 4 1 0 2083
"12900" "cbsnyt" 7 "9158" 0 48 2 4 1 0 983
"12901" "cbsnyt" 7 "9158" 0 39 4 2 0 0 708
"12902" "cbsnyt" 7 "9158" 0 17 2 1 1 0 560
"12903" "cbsnyt" 7 "9158" 1 36 3 2 1 0 605
"12904" "cbsnyt" 7 "9158" 1 14 1 3 1 0 4296
"12905" "cbsnyt" 7 "9158" 1 15 2 4 1 0 895
"12906" "cbsnyt" 7 "9158" 1 44 1 2 1 0 2712
"12907" "cbsnyt" 7 "9158" 0 10 4 3 0 0 868
"12908" "cbsnyt" 7 "9158" 0 5 2 3 1 0 924
"12909" "cbsnyt" 7 "9158" 1 31 1 4 1 0 2122
"12910" "cbsnyt" 7 "9158" 1 36 4 1 1 0 331
"12911" "cbsnyt" 7 "9158" 0 14 2 3 0 1 1700
"12912" "cbsnyt" 7 "9158" 0 33 3 1 1 0 1154
"12913" "cbsnyt" 7 "9158" 0 19 3 2 1 1 439
"12914" "cbsnyt" 7 "9158" 0 36 2 2 0 0 1020
"12915" "cbsnyt" 7 "9158" NA 41 4 4 1 0 311
"12916" "cbsnyt" 7 "9158" 0 10 4 2 1 0 822
"12917" "cbsnyt" 7 "9158" 0 7 4 2 1 0 279
"12918" "cbsnyt" 7 "9158" 0 43 2 1 0 1 1112
"12919" "cbsnyt" 7 "9158" 0 44 1 3 0 0 2678
"12920" "cbsnyt" 7 "9158" 0 32 2 2 1 0 882
"12921" "cbsnyt" 7 "9158" 0 44 2 3 0 0 1049
"12922" "cbsnyt" 7 "9158" 0 44 4 1 1 1 481
"12923" "cbsnyt" 7 "9158" 0 11 2 2 1 0 395
"12924" "cbsnyt" 7 "9158" 0 5 2 2 1 0 1324
"12925" "cbsnyt" 7 "9158" 0 10 4 4 0 0 790
"12926" "cbsnyt" 7 "9158" 0 5 2 2 0 0 1119
"12927" "cbsnyt" 7 "9158" 0 5 2 2 0 0 1119
"12928" "cbsnyt" 7 "9158" 0 5 2 1 1 0 1229
"12929" "cbsnyt" 7 "9158" 0 23 3 1 0 0 1169
"12930" "cbsnyt" 7 "9158" 0 21 1 2 0 0 2294
"12931" "cbsnyt" 7 "9158" 0 23 2 1 1 1 826
"12932" "cbsnyt" 7 "9158" 0 5 1 1 1 0 1229
"12933" "cbsnyt" 7 "9158" 0 14 1 4 0 0 2688
"12934" "cbsnyt" 7 "9158" 0 34 1 3 0 0 2678
"12935" "cbsnyt" 7 "9158" 0 31 2 1 1 0 1121
"12936" "cbsnyt" 7 "9158" 0 31 2 2 1 0 1208
"12937" "cbsnyt" 7 "9158" 0 5 1 2 1 0 1009
"12938" "cbsnyt" 7 "9158" 0 17 4 1 1 0 331
"12939" "cbsnyt" 7 "9158" 0 5 1 1 1 0 614
"12940" "cbsnyt" 7 "9158" 0 39 4 3 0 0 884
"12941" "cbsnyt" 7 "9158" 0 10 4 2 0 0 695
"12942" "cbsnyt" 7 "9158" 1 1 3 2 1 0 595
"12943" "cbsnyt" 7 "9158" 0 22 2 4 0 0 568
"12944" "cbsnyt" 7 "9158" 0 33 1 4 1 0 2122
"12945" "cbsnyt" 7 "9158" NA 48 1 4 1 0 1163
"12946" "cbsnyt" 7 "9158" NA 34 4 4 1 0 311
"12947" "cbsnyt" 7 "9158" 0 28 1 4 1 0 1060
"12948" "cbsnyt" 7 "9158" 1 39 2 3 1 0 843
"12949" "cbsnyt" 7 "9158" 1 7 4 4 1 0 317
"12950" "cbsnyt" 7 "9158" 1 1 2 1 1 1 1624
"12951" "cbsnyt" 7 "9158" 1 43 2 2 1 0 790
"12952" "cbsnyt" 7 "9158" 1 36 4 3 0 0 883
"12953" "cbsnyt" 7 "9158" 1 35 3 2 0 0 768
"12954" "cbsnyt" 7 "9158" 1 3 3 2 0 0 211
"12955" "cbsnyt" 7 "9158" 0 10 3 2 1 0 595
"12956" "cbsnyt" 7 "9158" 1 48 4 3 0 0 969
"12957" "cbsnyt" 7 "9158" 1 33 4 3 0 0 884
"12958" "cbsnyt" 7 "9158" 1 48 2 1 1 0 1229
"12959" "cbsnyt" 7 "9158" 1 14 3 2 1 0 605
"12960" "cbsnyt" 7 "9158" 1 15 1 4 0 0 2688
"12961" "cbsnyt" 7 "9158" NA 43 2 2 1 0 198
"12962" "cbsnyt" 7 "9158" NA 39 2 4 0 0 1137
"12963" "cbsnyt" 7 "9158" 1 44 2 2 0 0 2005
"12964" "cbsnyt" 7 "9158" 1 39 4 1 0 0 1262
"12965" "cbsnyt" 7 "9158" 1 15 4 3 0 0 883
"12966" "cbsnyt" 7 "9158" 0 44 4 2 1 0 548
"12967" "cbsnyt" 7 "9158" NA 14 1 4 1 0 1060
"12968" "cbsnyt" 7 "9158" 0 19 3 3 1 1 499
"12969" "cbsnyt" 7 "9158" NA 10 2 4 1 0 440
"12970" "cbsnyt" 7 "9158" 0 33 2 1 1 1 2481
"12971" "cbsnyt" 7 "9158" 0 5 2 2 1 0 882
"12972" "cbsnyt" 7 "9158" 0 44 3 2 0 0 1132
"12973" "cbsnyt" 7 "9158" 1 44 4 2 1 0 548
"12974" "cbsnyt" 7 "9158" 1 23 4 2 0 0 354
"12975" "cbsnyt" 7 "9158" 1 5 4 3 0 0 969
"12976" "cbsnyt" 7 "9158" 0 5 3 2 0 0 842
"12977" "cbsnyt" 7 "9158" 0 25 1 4 1 0 2083
"12978" "cbsnyt" 7 "9158" 0 33 2 3 0 0 1069
"12979" "cbsnyt" 7 "9158" 0 5 2 1 0 0 1558
"12980" "cbsnyt" 7 "9158" 1 44 1 3 1 0 2111
"12981" "cbsnyt" 7 "9158" 1 25 2 3 1 0 1241
"12982" "cbsnyt" 7 "9158" 1 10 3 4 1 0 354
"12983" "cbsnyt" 7 "9158" 1 25 1 3 0 0 2678
"12984" "cbsnyt" 7 "9158" 1 44 4 3 0 0 868
"12985" "cbsnyt" 7 "9158" 1 38 1 4 1 0 1163
"12986" "cbsnyt" 7 "9158" 1 50 3 4 0 0 457
"12987" "cbsnyt" 7 "9158" 1 5 2 2 0 0 1119
"12988" "cbsnyt" 7 "9158" 1 36 1 3 0 0 2724
"12989" "cbsnyt" 7 "9158" 1 15 3 2 0 0 1151
"12990" "cbsnyt" 7 "9158" 1 48 4 2 1 0 612
"12991" "cbsnyt" 7 "9158" 1 10 4 4 1 0 311
"12992" "cbsnyt" 7 "9158" 0 49 2 4 1 0 880
"12993" "cbsnyt" 7 "9158" 1 5 3 3 1 0 755
"12994" "cbsnyt" 7 "9158" 1 3 2 4 0 0 1246
"12995" "cbsnyt" 7 "9158" 0 34 2 4 0 0 1116
"12996" "cbsnyt" 7 "9158" 1 50 3 4 0 0 914
"12997" "cbsnyt" 7 "9158" 1 44 4 2 1 0 274
"12998" "cbsnyt" 7 "9158" 1 14 1 2 1 0 1840
"12999" "cbsnyt" 7 "9158" 1 25 4 4 1 0 623
"13000" "cbsnyt" 7 "9158" 1 5 4 3 1 0 1146
"13001" "cbsnyt" 7 "9158" 1 47 3 3 0 0 1286
"13002" "cbsnyt" 7 "9158" NA 9 2 1 1 1 1624
"13003" "cbsnyt" 7 "9158" NA 28 2 1 1 0 1120
"13004" "cbsnyt" 7 "9158" NA 19 1 2 1 0 1808
"13005" "cbsnyt" 7 "9158" NA 33 3 1 0 0 1171
"13006" "cbsnyt" 7 "9158" NA 39 1 1 0 0 1422
"13007" "cbsnyt" 7 "9158" NA 22 4 2 0 0 1416
"13008" "cbsnyt" 7 "9158" NA 7 2 1 1 0 1121
"13009" "cbsnyt" 7 "9158" NA 31 1 4 1 0 3183
"13010" "cbsnyt" 7 "9158" NA 11 1 3 0 0 2678
"13011" "cbsnyt" 7 "9158" NA 18 2 2 1 1 1166
"13012" "cbsnyt" 7 "9158" NA 19 1 1 0 1 1112
"13013" "cbsnyt" 7 "9158" NA 33 2 3 1 0 843
"13014" "cbsnyt" 7 "9158" NA 31 2 2 1 0 805
"13015" "cbsnyt" 7 "9158" 0 39 2 2 1 0 805
"13016" "cbsnyt" 7 "9158" 0 39 4 2 1 0 558
"13017" "cbsnyt" 7 "9158" 1 34 4 3 1 0 684
"13018" "cbsnyt" 7 "9158" 0 44 4 4 1 0 311
"13019" "cbsnyt" 7 "9158" 1 44 3 2 1 0 595
"13020" "cbsnyt" 7 "9158" 1 20 1 2 0 0 3504
"13021" "cbsnyt" 7 "9158" 0 32 3 1 1 0 1012
"13022" "cbsnyt" 7 "9158" 0 44 1 2 1 1 1334
"13023" "cbsnyt" 7 "9158" 0 48 3 4 0 0 1003
"13024" "cbsnyt" 7 "9158" 0 47 1 2 1 0 3617
"13025" "cbsnyt" 7 "9158" 1 47 1 1 1 0 1101
"13026" "cbsnyt" 7 "9158" 1 11 2 1 1 0 1101
"13027" "cbsnyt" 7 "9158" 1 44 2 2 1 0 395
"13028" "cbsnyt" 7 "9158" 1 4 4 3 1 0 684
"13029" "cbsnyt" 7 "9158" 0 20 3 4 0 0 915
"13030" "cbsnyt" 7 "9158" 0 33 2 2 1 0 805
"13031" "cbsnyt" 7 "9158" 0 39 2 2 1 0 403
"13032" "cbsnyt" 7 "9158" 0 39 4 2 0 0 708
"13033" "cbsnyt" 7 "9158" 0 31 2 1 1 0 3362
"13034" "cbsnyt" 7 "9158" 0 20 2 3 0 0 1069
"13035" "cbsnyt" 7 "9158" 1 33 4 4 0 0 402
"13036" "cbsnyt" 7 "9158" 1 31 3 1 1 0 462
"13037" "cbsnyt" 7 "9158" 0 33 3 2 1 0 303
"13038" "cbsnyt" 7 "9158" 0 33 2 1 1 0 1121
"13039" "cbsnyt" 7 "9158" 0 39 2 3 1 0 843
"13040" "cbsnyt" 7 "9158" NA 39 3 4 1 0 722
"13041" "cbsnyt" 7 "9158" 0 33 1 3 1 0 2150
"13042" "cbsnyt" 7 "9158" 0 39 2 1 0 0 1422
"13043" "cbsnyt" 7 "9158" 0 33 4 2 0 1 564
"13044" "cbsnyt" 7 "9158" 0 39 2 3 0 0 534
"13045" "cbsnyt" 7 "9158" 0 31 4 2 1 0 558
"13046" "cbsnyt" 7 "9158" 0 39 3 2 1 0 606
"13047" "cbsnyt" 7 "9158" 0 31 2 4 0 0 1137
"13048" "cbsnyt" 7 "9158" 0 22 1 4 1 0 5304
"13049" "cbsnyt" 7 "9158" 0 7 1 1 0 1 2264
"13050" "cbsnyt" 7 "9158" 0 33 2 2 1 0 805
"13051" "cbsnyt" 7 "9158" 1 10 3 4 1 0 709
"13052" "cbsnyt" 7 "9158" 1 33 2 2 1 0 805
"13053" "cbsnyt" 7 "9158" 0 33 1 3 0 1 4343
"13054" "cbsnyt" 7 "9158" 0 39 2 2 1 0 805
"13055" "cbsnyt" 7 "9158" 0 33 2 3 1 0 1264
"13056" "cbsnyt" 7 "9158" 0 39 3 2 1 0 303
"13057" "cbsnyt" 7 "9158" 1 46 1 3 0 0 2727
"13058" "cbsnyt" 7 "9158" 0 33 2 1 0 1 1132
"13059" "cbsnyt" 7 "9158" 0 33 4 4 0 0 805
"13060" "cbsnyt" 7 "9158" 1 17 4 4 1 0 634
"13061" "cbsnyt" 7 "9158" 1 33 2 3 1 0 1264
"13062" "cbsnyt" 7 "9158" 1 39 4 4 1 0 317
"13063" "cbsnyt" 7 "9158" 1 18 2 2 0 0 1003
"13064" "cbsnyt" 7 "9158" 1 31 2 1 1 0 560
"13065" "cbsnyt" 7 "9158" 1 31 3 1 0 0 2341
"13066" "cbsnyt" 7 "9158" 1 7 3 3 1 0 516
"13067" "cbsnyt" 7 "9158" 0 39 1 4 0 0 2691
"13068" "cbsnyt" 7 "9158" 0 39 1 4 0 0 1346
"13069" "cbsnyt" 7 "9158" 0 33 4 2 1 0 279
"13070" "cbsnyt" 7 "9158" 0 33 3 4 1 1 1065
"13071" "cbsnyt" 7 "9158" 1 10 3 2 0 0 566
"13072" "cbsnyt" 7 "9158" 1 36 2 4 1 0 1263
"13073" "cbsnyt" 7 "9158" 0 31 1 4 1 0 3183
"13074" "cbsnyt" 7 "9158" 1 39 3 4 0 0 915
"13075" "cbsnyt" 7 "9158" NA 19 3 2 0 0 755
"13076" "cbsnyt" 7 "9158" 1 24 4 2 1 0 558
"13077" "cbsnyt" 7 "9158" NA 23 2 1 1 0 1120
"13078" "cbsnyt" 7 "9158" 0 7 4 2 1 0 558
"13079" "cbsnyt" 7 "9158" 0 24 2 1 1 0 1120
"13080" "cbsnyt" 7 "9158" 1 39 4 3 1 0 697
"13081" "cbsnyt" 7 "9158" 1 47 3 2 0 0 755
"13082" "cbsnyt" 7 "9158" 1 14 4 2 1 0 558
"13083" "cbsnyt" 7 "9158" 1 23 3 2 0 0 768
"13084" "cbsnyt" 7 "9158" 1 42 2 2 1 0 804
"13085" "cbsnyt" 7 "9158" 0 24 3 4 0 0 457
"13086" "cbsnyt" 7 "9158" 0 23 4 2 0 0 707
"13087" "cbsnyt" 7 "9158" 0 50 2 4 0 0 1136
"13088" "cbsnyt" 7 "9158" 1 39 2 1 1 0 1121
"13089" "cbsnyt" 7 "9158" 0 36 4 2 1 0 558
"13090" "cbsnyt" 7 "9158" 1 23 2 3 1 0 842
"13091" "cbsnyt" 7 "9158" 1 39 3 1 1 0 462
"13092" "cbsnyt" 7 "9158" 1 7 2 2 1 0 403
"13093" "cbsnyt" 7 "9158" 1 34 3 3 1 0 1352
"13094" "cbsnyt" 7 "9158" 1 33 4 2 0 0 354
"13095" "cbsnyt" 7 "9158" 1 23 2 2 1 0 1206
"13096" "cbsnyt" 7 "9158" 1 23 2 2 1 0 804
"13097" "cbsnyt" 7 "9158" 0 24 4 2 1 0 558
"13098" "cbsnyt" 7 "9158" 1 10 3 1 1 0 906
"13099" "cbsnyt" 7 "9158" 1 14 4 2 0 0 707
"13100" "cbsnyt" 7 "9158" 0 44 2 2 1 0 790
"13101" "cbsnyt" 7 "9158" 0 36 1 4 1 0 1060
"13102" "cbsnyt" 7 "9158" 0 31 2 1 0 0 711
"13103" "cbsnyt" 7 "9158" 0 14 3 1 1 1 680
"13104" "cbsnyt" 7 "9158" 1 14 4 1 1 0 1326
"13105" "cbsnyt" 7 "9158" 1 34 2 1 0 0 1396
"13106" "cbsnyt" 7 "9158" 1 34 2 1 1 0 1101
"13107" "cbsnyt" 7 "9158" 1 36 2 3 1 0 842
"13108" "cbsnyt" 7 "9158" 0 50 3 3 0 0 872
"13109" "cbsnyt" 7 "9158" 1 39 2 2 0 0 1021
"13110" "cbsnyt" 7 "9158" 1 24 4 2 1 0 558
"13111" "cbsnyt" 7 "9158" 1 23 2 1 1 0 1679
"13112" "cbsnyt" 7 "9158" 0 26 2 4 1 0 448
"13113" "cbsnyt" 7 "9158" 1 50 3 2 0 0 384
"13114" "cbsnyt" 7 "9158" 1 11 1 2 1 0 1808
"13115" "cbsnyt" 7 "9158" 1 17 3 2 1 0 908
"13116" "cbsnyt" 7 "9158" 1 26 2 2 1 0 804
"13117" "cbsnyt" 7 "9158" 1 36 2 2 0 0 1020
"13118" "cbsnyt" 7 "9158" 1 23 2 1 1 0 1120
"13119" "cbsnyt" 7 "9158" 0 14 4 3 0 0 883
"13120" "cbsnyt" 7 "9158" 1 15 1 3 1 0 1074
"13121" "cbsnyt" 7 "9158" 1 10 3 1 1 0 453
"13122" "cbsnyt" 7 "9158" 0 7 3 2 1 0 303
"13123" "cbsnyt" 7 "9158" 0 23 3 2 0 0 1151
"13124" "cbsnyt" 7 "9158" 0 50 2 1 1 1 1652
"13125" "cbsnyt" 7 "9158" NA 43 2 3 1 0 1241
"13126" "cbsnyt" 7 "9158" 0 36 2 4 1 0 448
"13127" "cbsnyt" 7 "9158" 1 11 3 1 1 0 906
"13128" "cbsnyt" 7 "9158" 0 50 2 4 0 0 1136
"13129" "cbsnyt" 7 "9158" 0 10 2 1 1 0 1101
"13130" "cbsnyt" 7 "9158" 0 1 2 3 1 1 2442
"13131" "cbsnyt" 7 "9158" 0 14 4 2 0 0 707
"13132" "cbsnyt" 7 "9158" 0 1 3 2 0 0 755
"13133" "cbsnyt" 7 "9158" 1 10 3 4 0 0 899
"13134" "cbsnyt" 7 "9158" 1 37 2 2 0 1 2395
"13135" "cbsnyt" 7 "9158" 1 44 2 4 1 0 440
"13136" "cbsnyt" 7 "9158" 1 16 3 4 1 0 721
"13137" "cbsnyt" 7 "9158" 0 26 3 2 0 1 1222
"13138" "cbsnyt" 7 "9158" 0 8 2 2 1 1 583
"13139" "cbsnyt" 7 "9158" 0 21 2 1 1 1 1624
"13140" "cbsnyt" 7 "9158" 0 23 4 1 0 0 841
"13141" "cbsnyt" 7 "9158" 1 14 2 3 1 0 421
"13142" "cbsnyt" 7 "9158" 1 36 2 1 0 0 2840
"13143" "cbsnyt" 7 "9158" 1 34 2 1 1 0 1651
"13144" "cbsnyt" 7 "9158" 0 33 2 2 1 0 403
"13145" "cbsnyt" 7 "9158" 1 36 2 3 1 0 842
"13146" "cbsnyt" 7 "9158" 1 26 3 1 0 0 585
"13147" "cbsnyt" 7 "9158" 1 44 4 3 0 0 868
"13148" "cbsnyt" 7 "9158" NA 1 4 3 1 0 684
"13149" "cbsnyt" 7 "9158" 1 36 3 2 0 0 768
"13150" "cbsnyt" 7 "9158" 1 10 4 2 0 0 695
"13151" "cbsnyt" 7 "9158" 1 10 3 2 0 0 755
"13152" "cbsnyt" 7 "9158" 1 10 3 2 1 0 595
"13153" "cbsnyt" 7 "9158" 1 14 2 3 1 0 842
"13154" "cbsnyt" 7 "9158" 1 50 2 2 1 0 804
"13155" "cbsnyt" 7 "9158" 1 18 2 2 0 0 1003
"13156" "cbsnyt" 7 "9158" 1 34 2 2 1 0 790
"13157" "cbsnyt" 7 "9158" 1 14 2 3 0 0 1068
"13158" "cbsnyt" 7 "9158" 1 50 3 1 1 0 461
"13159" "cbsnyt" 7 "9158" 1 33 4 2 1 0 558
"13160" "cbsnyt" 7 "9158" 1 39 3 1 1 0 462
"13161" "cbsnyt" 7 "9158" NA 50 2 4 1 0 448
"13162" "cbsnyt" 7 "9158" 1 47 3 3 0 0 1286
"13163" "cbsnyt" 7 "9158" 0 25 2 2 0 1 2395
"13164" "cbsnyt" 7 "9158" 0 10 3 4 0 0 899
"13165" "cbsnyt" 7 "9158" 0 11 4 2 1 1 809
"13166" "cbsnyt" 7 "9158" 1 19 4 2 1 0 548
"13167" "cbsnyt" 7 "9158" 1 44 3 1 1 0 906
"13168" "cbsnyt" 7 "9158" 0 21 4 4 0 0 790
"13169" "cbsnyt" 7 "9158" 0 50 2 2 1 0 402
"13170" "cbsnyt" 7 "9158" 1 44 3 4 0 0 449
"13171" "cbsnyt" 7 "9158" 1 43 1 3 0 1 4265
"13172" "cbsnyt" 7 "9158" 1 23 2 1 1 0 1120
"13173" "cbsnyt" 7 "9158" 1 23 2 1 0 0 2130
"13174" "cbsnyt" 7 "9158" 0 44 2 3 1 1 610
"13175" "cbsnyt" 7 "9158" 0 10 2 1 1 0 1101
"13176" "cbsnyt" 7 "9158" 0 44 3 1 1 0 1360
"13177" "cbsnyt" 7 "9158" 1 15 1 4 1 0 1060
"13178" "cbsnyt" 7 "9158" 1 10 1 4 1 0 1042
"13179" "cbsnyt" 7 "9158" 1 26 2 3 1 0 842
"13180" "cbsnyt" 7 "9158" 0 15 3 4 0 0 914
"13181" "cbsnyt" 7 "9158" 1 10 3 4 1 0 354
"13182" "cbsnyt" 7 "9158" 1 44 2 1 0 0 1047
"13183" "cbsnyt" 7 "9158" 1 44 3 3 1 0 676
"13184" "cbsnyt" 7 "9158" 0 11 2 3 1 0 827
"13185" "cbsnyt" 7 "9158" 0 23 2 1 0 1 3392
"13186" "cbsnyt" 7 "9158" 0 34 2 1 0 1 3335
"13187" "cbsnyt" 7 "9158" 0 43 3 2 1 1 878
"13188" "cbsnyt" 7 "9158" 1 44 2 3 0 0 1049
"13189" "cbsnyt" 7 "9158" 1 43 4 2 0 0 695
"13190" "cbsnyt" 7 "9158" 1 23 3 2 0 0 1151
"13191" "cbsnyt" 7 "9158" 1 18 2 2 0 0 1003
"13192" "cbsnyt" 7 "9158" 1 33 2 3 0 0 1069
"13193" "cbsnyt" 7 "9158" 1 23 2 3 1 0 1263
"13194" "cbsnyt" 7 "9158" 1 36 2 4 0 0 1704
"13195" "cbsnyt" 7 "9158" 1 25 3 2 1 0 297
"13196" "cbsnyt" 7 "9158" 1 49 2 4 1 0 880
"13197" "cbsnyt" 7 "9158" 0 19 4 2 0 1 554
"13198" "cbsnyt" 7 "9158" 0 35 4 3 0 0 883
"13199" "cbsnyt" 7 "9158" 0 4 3 4 1 0 354
"13200" "cbsnyt" 7 "9158" 1 36 2 3 0 0 1068
"13201" "cbsnyt" 7 "9158" 1 36 3 4 1 0 1081
"13202" "cbsnyt" 7 "9158" 1 19 2 3 1 0 1655
"13203" "cbsnyt" 7 "9158" 1 39 4 1 1 0 664
"13204" "cbsnyt" 7 "9158" 0 44 2 3 1 1 1221
"13205" "cbsnyt" 7 "9158" 0 43 2 2 1 0 790
"13206" "cbsnyt" 7 "9158" 0 23 2 2 0 0 1020
"13207" "cbsnyt" 7 "9158" 0 19 2 2 0 1 1597
"13208" "cbsnyt" 7 "9158" 0 23 2 1 1 0 560
"13209" "cbsnyt" 7 "9158" 1 25 3 2 1 0 595
"13210" "cbsnyt" 7 "9158" NA 11 2 3 0 1 836
"13211" "cbsnyt" 7 "9158" 1 43 4 3 0 0 868
"13212" "cbsnyt" 7 "9158" 1 47 3 2 1 0 892
"13213" "cbsnyt" 7 "9158" NA 26 2 4 1 0 895
"13214" "cbsnyt" 7 "9158" 0 24 3 2 1 0 605
"13215" "cbsnyt" 7 "9158" 0 23 4 2 0 0 707
"13216" "cbsnyt" 7 "9158" 0 44 3 2 0 1 1202
"13217" "cbsnyt" 7 "9158" 0 21 2 1 0 1 3335
"13218" "cbsnyt" 7 "9158" 1 19 3 1 0 0 1150
"13219" "cbsnyt" 7 "9158" 1 27 2 2 0 0 1679
"13220" "cbsnyt" 7 "9158" 1 44 2 3 0 0 1049
"13221" "cbsnyt" 7 "9158" 0 47 2 2 1 0 790
"13222" "cbsnyt" 7 "9158" 1 5 3 4 0 0 1003
"13223" "cbsnyt" 7 "9158" 1 10 2 1 0 0 2792
"13224" "cbsnyt" 7 "9158" 1 44 3 1 0 0 1150
"13225" "cbsnyt" 7 "9158" 0 16 4 4 1 0 634
"13226" "cbsnyt" 7 "9158" 1 23 3 2 0 0 384
"13227" "cbsnyt" 7 "9158" 1 5 4 2 0 0 776
"13228" "cbsnyt" 7 "9158" 1 48 3 1 0 0 1925
"13229" "cbsnyt" 7 "9158" 1 10 3 4 1 0 354
"13230" "cbsnyt" 7 "9158" 1 7 2 1 0 0 2132
"13231" "cbsnyt" 7 "9158" 1 5 2 1 1 0 1229
"13232" "cbsnyt" 7 "9158" 1 10 2 4 1 0 440
"13233" "cbsnyt" 7 "9158" 0 5 2 4 0 0 1246
"13234" "cbsnyt" 7 "9158" 0 44 2 2 1 0 790
"13235" "cbsnyt" 7 "9158" NA 44 1 4 1 0 2083
"13236" "cbsnyt" 7 "9158" 0 24 2 2 1 0 804
"13237" "cbsnyt" 7 "9158" 1 17 2 1 1 0 560
"13238" "cbsnyt" 7 "9158" 0 14 3 2 0 0 768
"13239" "cbsnyt" 7 "9158" 0 48 3 2 1 1 980
"13240" "cbsnyt" 7 "9158" 1 6 3 3 0 0 957
"13241" "cbsnyt" 7 "9158" 1 45 3 1 0 0 1283
"13242" "cbsnyt" 7 "9158" 1 10 2 3 0 0 1049
"13243" "cbsnyt" 7 "9158" 1 18 1 3 0 0 4017
"13244" "cbsnyt" 7 "9158" 1 36 3 4 1 0 721
"13245" "cbsnyt" 7 "9158" 0 5 2 3 1 0 924
"13246" "cbsnyt" 7 "9158" 0 48 2 4 1 0 983
"13247" "cbsnyt" 7 "9158" 1 23 4 3 1 0 696
"13248" "cbsnyt" 7 "9158" 0 17 1 4 1 0 1060
"13249" "cbsnyt" 7 "9158" 0 6 2 3 1 0 924
"13250" "cbsnyt" 7 "9158" 0 5 3 3 0 0 957
"13251" "cbsnyt" 7 "9158" 0 24 3 3 1 0 688
"13252" "cbsnyt" 7 "9158" NA 44 4 2 1 0 274
"13253" "cbsnyt" 7 "9158" 0 3 2 2 0 0 1119
"13254" "cbsnyt" 7 "9158" 0 16 2 2 1 0 402
"13255" "cbsnyt" 7 "9158" 0 8 2 4 1 0 880
"13256" "cbsnyt" 7 "9158" 0 5 4 3 1 0 764
"13257" "cbsnyt" 7 "9158" 0 10 1 4 1 0 2083
"13258" "cbsnyt" 7 "9158" 0 21 2 3 0 1 1671
"13259" "cbsnyt" 7 "9158" 0 32 2 2 1 0 882
"13260" "cbsnyt" 7 "9158" NA 3 4 2 0 0 776
"13261" "cbsnyt" 7 "9158" 1 5 1 1 1 0 1229
"13262" "cbsnyt" 7 "9158" 0 44 4 1 1 0 652
"13263" "cbsnyt" 7 "9158" 1 5 4 2 1 0 306
"13264" "cbsnyt" 7 "9158" 1 10 4 2 1 0 548
"13265" "cbsnyt" 7 "9158" 1 32 3 2 1 0 332
"13266" "cbsnyt" 7 "9158" 1 5 2 1 1 0 1229
"13267" "cbsnyt" 7 "9158" 1 49 4 4 1 0 623
"13268" "cbsnyt" 7 "9158" 0 15 2 2 0 0 1020
"13269" "cbsnyt" 7 "9158" 0 50 2 3 1 0 1263
"13270" "cbsnyt" 7 "9158" 1 5 3 2 1 0 664
"13271" "cbsnyt" 7 "9158" 1 11 4 2 1 0 548
"13272" "cbsnyt" 7 "9158" 1 1 1 4 1 0 1042
"13273" "cbsnyt" 7 "9158" 0 50 1 1 0 0 1420
"13274" "cbsnyt" 7 "9158" NA 15 2 2 0 0 510
"13275" "cbsnyt" 7 "9158" 1 36 4 1 0 1 669
"13276" "cbsnyt" 7 "9158" 0 48 4 3 1 0 1146
"13277" "cbsnyt" 7 "9158" 0 3 2 2 1 0 441
"13278" "cbsnyt" 7 "9158" 1 32 4 4 1 0 695
"13279" "cbsnyt" 7 "9158" 1 33 1 1 1 1 827
"13280" "cbsnyt" 7 "9158" NA 31 3 1 0 0 1171
"13281" "cbsnyt" 7 "9158" 1 10 2 2 0 1 1597
"13282" "cbsnyt" 7 "9158" 1 48 1 1 1 0 614
"13283" "cbsnyt" 7 "9158" 0 38 2 2 0 0 1119
"13284" "cbsnyt" 7 "9158" 1 6 4 2 0 0 776
"13285" "cbsnyt" 7 "9158" NA 5 2 1 0 0 1169
"13286" "cbsnyt" 7 "9158" 0 18 4 4 1 0 311
"13287" "cbsnyt" 7 "9158" NA 38 2 4 1 0 491
"13288" "cbsnyt" 7 "9158" 0 39 2 2 0 0 511
"13289" "cbsnyt" 7 "9158" 0 38 2 1 1 0 614
"13290" "cbsnyt" 7 "9158" 0 33 1 3 0 0 2727
"13291" "cbsnyt" 7 "9158" 0 32 1 1 1 0 1229
"13292" "cbsnyt" 7 "9158" 0 5 1 1 0 0 1558
"13293" "cbsnyt" 7 "9158" 0 33 2 1 1 0 1121
"13294" "cbsnyt" 7 "9158" 0 4 2 1 1 0 1101
"13295" "cbsnyt" 7 "9158" 1 15 2 3 1 0 421
"13296" "cbsnyt" 7 "9158" 1 23 4 1 1 0 331
"13297" "cbsnyt" 7 "9158" 0 5 4 1 1 0 727
"13298" "cbsnyt" 7 "9158" 0 24 4 3 0 0 1325
"13299" "cbsnyt" 7 "9158" 0 23 4 1 0 0 841
"13300" "cbsnyt" 7 "9158" 0 39 2 3 1 0 843
"13301" "cbsnyt" 7 "9158" 0 50 4 4 1 0 317
"13302" "cbsnyt" 7 "9158" 1 26 2 3 1 0 631
"13303" "cbsnyt" 7 "9158" 1 23 4 3 0 0 883
"13304" "cbsnyt" 7 "9158" NA 34 3 3 1 0 676
"13305" "cbsnyt" 7 "9158" 1 8 3 1 0 0 1724
"13306" "cbsnyt" 7 "9158" NA 33 4 1 0 0 842
"13307" "cbsnyt" 7 "9158" NA 40 4 4 1 0 317
"13308" "cbsnyt" 7 "9158" 1 29 3 3 0 0 479
"13309" "cbsnyt" 7 "9158" 0 44 3 1 1 0 906
"13310" "cbsnyt" 7 "9158" 0 18 2 1 0 0 1396
"13311" "cbsnyt" 7 "9158" 0 44 4 3 0 0 868
"13312" "cbsnyt" 7 "9158" 1 16 2 3 0 0 1068
"13313" "cbsnyt" 7 "9158" 0 15 2 2 0 0 1020
"13314" "cbsnyt" 7 "9158" NA 36 4 2 1 0 558
"13315" "cbsnyt" 7 "9158" 1 50 3 2 0 0 768
"13316" "cbsnyt" 7 "9158" 1 33 3 3 1 1 508
"13317" "cbsnyt" 7 "9158" 1 47 3 2 1 0 297
"13318" "cbsnyt" 7 "9158" 1 36 4 1 0 0 420
"13319" "cbsnyt" 7 "9158" 1 33 3 1 1 0 923
"13320" "cbsnyt" 7 "9158" 1 47 4 2 1 0 548
"13321" "cbsnyt" 7 "9158" 1 44 2 3 1 0 414
"13322" "cbsnyt" 7 "9158" 1 6 3 1 1 0 1012
"13323" "cbsnyt" 7 "9158" 1 31 3 1 0 1 2797
"13324" "cbsnyt" 7 "9158" 1 14 1 4 1 0 1060
"13325" "cbsnyt" 7 "9158" 1 5 1 4 0 0 1475
"13326" "cbsnyt" 7 "9158" 1 31 2 1 1 0 1681
"13327" "cbsnyt" 7 "9158" NA 22 3 2 1 0 606
"13328" "cbsnyt" 7 "9158" 0 47 4 3 0 0 1736
"13329" "cbsnyt" 7 "9158" 1 44 3 2 0 0 377
"13330" "cbsnyt" 7 "9158" 1 3 3 3 0 0 957
"13331" "cbsnyt" 7 "9158" 1 5 3 2 1 0 332
"13332" "cbsnyt" 7 "9158" 0 11 3 1 0 0 1150
"13333" "cbsnyt" 7 "9158" 0 5 2 1 1 0 1229
"13334" "cbsnyt" 7 "9158" 0 38 2 2 1 0 882
"13335" "cbsnyt" 7 "9158" 0 26 2 1 1 0 1120
"13336" "cbsnyt" 7 "9158" 1 36 2 4 1 0 895
"13337" "cbsnyt" 7 "9158" 1 6 3 2 1 0 996
"13338" "cbsnyt" 7 "9158" 1 5 3 2 1 0 664
"13339" "cbsnyt" 7 "9158" 1 31 4 2 0 0 354
"13340" "cbsnyt" 7 "9158" 1 10 3 2 0 0 189
"13341" "cbsnyt" 7 "9158" 1 31 2 1 0 0 1422
"13342" "cbsnyt" 7 "9158" 1 33 2 4 0 0 568
"13343" "cbsnyt" 7 "9158" 1 5 3 2 0 0 421
"13344" "cbsnyt" 7 "9158" 1 23 2 4 1 0 448
"13345" "cbsnyt" 7 "9158" 0 33 3 3 1 0 344
"13346" "cbsnyt" 7 "9158" 0 20 2 1 1 0 1121
"13347" "cbsnyt" 7 "9158" 0 15 2 2 1 0 402
"13348" "cbsnyt" 7 "9158" 1 26 2 3 1 0 421
"13349" "cbsnyt" 7 "9158" 1 5 3 2 0 0 421
"13350" "cbsnyt" 7 "9158" 0 48 3 2 0 0 211
"13351" "cbsnyt" 7 "9158" 0 11 2 2 1 0 790
"13352" "cbsnyt" 7 "9158" 1 43 4 2 1 0 822
"13353" "cbsnyt" 7 "9158" 0 33 3 3 1 0 689
"13354" "cbsnyt" 7 "9158" 1 7 2 3 0 0 1069
"13355" "cbsnyt" 7 "9158" 1 20 2 1 1 0 560
"13356" "cbsnyt" 7 "9158" 1 39 2 2 1 0 805
"13357" "cbsnyt" 7 "9158" 0 49 1 4 0 0 2642
"13358" "cbsnyt" 7 "9158" 1 29 3 3 1 0 377
"13359" "cbsnyt" 7 "9158" NA 22 2 4 0 0 1137
"13360" "cbsnyt" 7 "9158" 0 39 1 3 1 0 2150
"13361" "cbsnyt" 7 "9158" 1 5 3 1 1 0 1012
"13362" "cbsnyt" 7 "9158" 0 3 3 2 1 0 332
"13363" "cbsnyt" 7 "9158" 0 16 2 1 1 0 1120
"13364" "cbsnyt" 7 "9158" 1 48 3 3 1 0 377
"13365" "cbsnyt" 7 "9158" 0 5 2 2 1 1 1302
"13366" "cbsnyt" 7 "9158" 1 22 2 4 1 0 448
"13367" "cbsnyt" 7 "9158" 1 7 4 1 1 0 664
"13368" "cbsnyt" 7 "9158" 1 41 3 1 1 0 906
"13369" "cbsnyt" 7 "9158" 1 10 4 2 1 0 548
"13370" "cbsnyt" 7 "9158" 1 7 3 2 1 0 909
"13371" "cbsnyt" 7 "9158" 0 10 3 2 1 0 595
"13372" "cbsnyt" 7 "9158" 0 36 2 2 0 0 1020
"13373" "cbsnyt" 7 "9158" 0 33 2 2 0 0 511
"13374" "cbsnyt" 7 "9158" 1 39 4 2 0 0 708
"13375" "cbsnyt" 7 "9158" 1 31 2 2 1 0 403
"13376" "cbsnyt" 7 "9158" 1 50 2 1 1 0 1120
"13377" "cbsnyt" 7 "9158" 0 26 4 3 1 0 696
"13378" "cbsnyt" 7 "9158" 0 23 4 3 1 1 1027
"13379" "cbsnyt" 7 "9158" 1 31 3 2 0 0 384
"13380" "cbsnyt" 7 "9158" 0 49 3 2 1 0 595
"13381" "cbsnyt" 7 "9158" 0 26 2 2 0 0 1020
"13382" "cbsnyt" 7 "9158" 1 44 4 4 1 0 467
"13383" "cbsnyt" 7 "9158" NA 43 2 3 1 0 827
"13384" "cbsnyt" 7 "9158" NA 18 3 1 1 0 1360
"13385" "cbsnyt" 7 "9158" NA 39 1 3 1 0 4300
"13386" "cbsnyt" 7 "9158" 0 50 3 2 0 0 768
"13387" "cbsnyt" 7 "9158" 1 20 2 3 1 0 843
"13388" "cbsnyt" 7 "9158" 1 47 4 1 1 0 652
"13389" "cbsnyt" 7 "9158" 0 5 3 2 1 0 996
"13390" "cbsnyt" 7 "9158" 0 10 2 2 0 0 1003
"13391" "cbsnyt" 7 "9158" 1 5 1 1 1 0 614
"13392" "cbsnyt" 7 "9158" 1 39 3 1 1 0 1385
"13393" "cbsnyt" 7 "9158" 0 23 4 2 0 0 707
"13394" "cbsnyt" 7 "9158" 1 50 4 2 0 0 707
"13395" "cbsnyt" 7 "9158" 1 22 3 2 1 0 303
"13396" "cbsnyt" 7 "9158" 1 14 2 2 0 0 1020
"13397" "cbsnyt" 7 "9158" 1 20 1 4 1 0 1061
"13398" "cbsnyt" 7 "9158" 1 47 2 2 1 0 1186
"13399" "cbsnyt" 7 "9158" 1 44 1 4 1 0 1042
"13400" "cbsnyt" 7 "9158" 1 1 2 2 0 0 1504
"13401" "cbsnyt" 7 "9158" 1 11 2 1 0 0 698
"13402" "cbsnyt" 7 "9158" NA 44 2 2 1 0 395
"13403" "cbsnyt" 7 "9158" 1 5 3 1 1 0 1012
"13404" "cbsnyt" 7 "9158" 1 23 3 1 1 0 461
"13405" "cbsnyt" 7 "9158" 1 43 2 3 0 0 1049
"13406" "cbsnyt" 7 "9158" 1 39 2 3 1 0 1264
"13407" "cbsnyt" 7 "9158" 1 44 2 2 0 0 1003
"13408" "cbsnyt" 7 "9158" 1 47 1 3 0 0 4017
"13409" "cbsnyt" 7 "9158" 0 34 4 2 0 0 695
"13410" "cbsnyt" 7 "9158" 1 23 3 2 0 0 768
"13411" "cbsnyt" 7 "9158" 1 47 3 4 1 0 709
"13412" "cbsnyt" 7 "9158" 1 15 2 2 1 0 804
"13413" "cbsnyt" 7 "9158" 0 33 3 1 1 0 923
"13414" "cbsnyt" 7 "9158" 0 39 4 2 0 0 354
"13415" "cbsnyt" 7 "9158" 1 32 2 3 1 0 924
"13416" "cbsnyt" 7 "9158" 0 5 2 1 0 0 3116
"13417" "cbsnyt" 7 "9158" 0 33 1 2 1 0 921
"13418" "cbsnyt" 7 "9158" 1 19 3 2 1 0 595
"13419" "cbsnyt" 7 "9158" 1 37 4 3 1 0 342
"13420" "cbsnyt" 7 "9158" 1 11 2 2 1 0 790
"13421" "cbsnyt" 7 "9158" 0 23 2 2 0 1 1624
"13422" "cbsnyt" 7 "9158" 0 18 1 2 0 0 2294
"13423" "cbsnyt" 7 "9158" 1 10 4 2 1 0 548
"13424" "cbsnyt" 7 "9158" 1 5 2 1 1 0 1229
"13425" "cbsnyt" 7 "9158" 1 5 4 2 0 0 194
"13426" "cbsnyt" 7 "9158" 1 49 2 1 0 1 2223
"13427" "cbsnyt" 7 "9158" 1 23 1 4 1 0 1060
"13428" "cbsnyt" 7 "9158" 1 45 2 4 1 0 491
"13429" "cbsnyt" 7 "9158" 0 48 2 3 1 0 924
"13430" "cbsnyt" 7 "9158" 0 15 2 1 1 0 1120
"13431" "cbsnyt" 7 "9158" 0 42 2 2 0 0 1020
"13432" "cbsnyt" 7 "9158" 1 39 3 3 0 0 655
"13433" "cbsnyt" 7 "9158" 1 21 3 3 0 0 429
"13434" "cbsnyt" 7 "9158" 0 10 4 3 0 0 868
"13435" "cbsnyt" 7 "9158" 1 10 2 2 0 0 1504
"13436" "cbsnyt" 7 "9158" 0 19 2 2 1 1 1166
"13437" "cbsnyt" 7 "9158" 0 7 4 2 1 0 279
"13438" "cbsnyt" 7 "9158" 0 39 2 2 1 0 403
"13439" "cbsnyt" 7 "9158" 1 33 3 2 0 0 576
"13440" "cbsnyt" 7 "9158" 1 36 4 3 0 0 883
"13441" "cbsnyt" 7 "9158" 0 37 3 3 1 0 338
"13442" "cbsnyt" 7 "9158" 1 17 4 2 1 0 558
"13443" "cbsnyt" 7 "9158" 1 17 4 2 0 0 707
"13444" "cbsnyt" 7 "9158" 1 33 2 2 1 0 1208
"13445" "cbsnyt" 7 "9158" 1 37 4 3 0 0 434
"13446" "cbsnyt" 7 "9158" 1 3 2 3 1 0 924
"13447" "cbsnyt" 7 "9158" 1 10 1 4 1 0 3125
"13448" "cbsnyt" 7 "9158" 0 21 3 1 0 0 1150
"13449" "cbsnyt" 7 "9158" 0 34 2 3 1 0 827
"13450" "cbsnyt" 7 "9158" 0 14 4 2 1 1 823
"13451" "cbsnyt" 7 "9158" 0 15 1 3 1 0 2148
"13452" "cbsnyt" 7 "9158" 1 22 4 2 1 0 558
"13453" "cbsnyt" 7 "9158" 1 28 3 1 0 0 1169
"13454" "cbsnyt" 7 "9158" 1 36 3 2 1 0 605
"13455" "cbsnyt" 7 "9158" NA 24 2 1 1 0 560
"13456" "cbsnyt" 7 "9158" 0 21 4 2 1 0 274
"13457" "cbsnyt" 7 "9158" NA 31 3 2 0 0 384
"13458" "cbsnyt" 7 "9158" NA 43 2 4 1 0 440
"13459" "cbsnyt" 7 "9158" 1 1 4 4 1 0 311
"13460" "cbsnyt" 7 "9158" 1 39 3 1 1 0 462
"13461" "cbsnyt" 7 "9158" 1 44 4 1 1 0 652
"13462" "cbsnyt" 7 "9158" 0 34 2 2 1 1 583
"13463" "cbsnyt" 7 "9158" 0 21 3 3 1 0 676
"13464" "cbsnyt" 7 "9158" 1 6 3 2 0 0 842
"13465" "cbsnyt" 7 "9158" 0 21 4 2 1 1 809
"13466" "cbsnyt" 7 "9158" 1 17 2 2 1 0 804
"13467" "cbsnyt" 7 "9158" 0 39 4 2 0 0 708
"13468" "cbsnyt" 7 "9158" 0 14 2 2 1 0 804
"13469" "cbsnyt" 7 "9158" 1 36 4 3 0 0 883
"13470" "cbsnyt" 7 "9158" 1 36 2 1 1 0 1120
"13471" "cbsnyt" 7 "9158" NA 19 2 4 1 0 880
"13472" "cbsnyt" 7 "9158" NA 26 3 2 0 0 384
"13473" "cbsnyt" 7 "9158" NA 43 2 1 1 0 1101
"13474" "cbsnyt" 7 "9158" 1 5 2 3 0 0 1171
"13475" "cbsnyt" 7 "9158" 1 14 2 1 1 0 560
"13476" "cbsnyt" 7 "9158" 1 36 3 1 1 0 1383
"13477" "cbsnyt" 7 "9158" 1 5 3 1 1 0 1012
"13478" "cbsnyt" 7 "9158" 1 24 4 2 1 0 279
"13479" "cbsnyt" 7 "9158" 1 25 4 1 0 0 1240
"13480" "cbsnyt" 7 "9158" 0 44 3 1 0 0 1150
"13481" "cbsnyt" 7 "9158" 0 14 3 2 1 1 893
"13482" "cbsnyt" 7 "9158" 0 14 3 2 1 0 605
"13483" "cbsnyt" 7 "9158" 1 3 2 3 1 0 924
"13484" "cbsnyt" 7 "9158" 1 15 2 3 1 0 421
"13485" "cbsnyt" 7 "9158" 1 5 2 2 1 0 221
"13486" "cbsnyt" 7 "9158" 1 1 2 3 1 0 827
"13487" "cbsnyt" 7 "9158" 1 1 2 1 0 1 1112
"13488" "cbsnyt" 7 "9158" 1 44 4 2 1 0 274
"13489" "cbsnyt" 7 "9158" 1 25 2 2 0 0 501
"13490" "cbsnyt" 7 "9158" 1 16 4 2 1 0 279
"13491" "cbsnyt" 7 "9158" 0 14 4 1 1 0 663
"13492" "cbsnyt" 7 "9158" 0 27 3 3 1 0 755
"13493" "cbsnyt" 7 "9158" 1 25 4 2 1 0 822
"13494" "cbsnyt" 7 "9158" 1 48 3 3 0 0 479
"13495" "cbsnyt" 7 "9158" 1 50 1 1 0 0 2840
"13496" "cbsnyt" 7 "9158" 1 4 2 3 1 0 827
"13497" "cbsnyt" 7 "9158" 1 14 1 1 1 0 1120
"13498" "cbsnyt" 7 "9158" 0 26 4 2 1 0 279
"13499" "cbsnyt" 7 "9158" 0 19 2 2 1 0 395
"13500" "cbsnyt" 7 "9158" 0 26 1 4 0 0 1344
"13501" "cbsnyt" 7 "9158" 1 1 2 1 0 0 1396
"13502" "cbsnyt" 7 "9158" 1 25 4 2 0 0 1043
"13503" "cbsnyt" 7 "9158" 1 43 1 2 0 0 2294
"13504" "cbsnyt" 7 "9158" 0 44 2 3 1 0 827
"13505" "cbsnyt" 7 "9158" NA 26 2 2 1 0 603
"13506" "cbsnyt" 7 "9158" 0 50 3 3 0 0 872
"13507" "cbsnyt" 7 "9158" 0 3 2 3 1 0 924
"13508" "cbsnyt" 7 "9158" 1 24 4 2 1 0 279
"13509" "cbsnyt" 7 "9158" NA 43 4 3 1 0 342
"13510" "cbsnyt" 7 "9158" 1 44 4 3 0 0 868
"13511" "cbsnyt" 7 "9158" 1 1 2 2 0 0 1003
"13512" "cbsnyt" 7 "9158" 1 14 3 3 1 0 344
"13513" "cbsnyt" 7 "9158" 1 5 2 3 1 0 924
"13514" "cbsnyt" 7 "9158" 1 5 2 1 1 0 3071
"13515" "cbsnyt" 7 "9158" 1 45 3 4 0 0 1003
"13516" "cbsnyt" 7 "9158" 1 51 3 2 0 0 842
"13517" "cbsnyt" 7 "9158" 1 5 3 3 1 0 377
"13518" "cbsnyt" 7 "9158" 1 45 2 2 1 0 882
"13519" "cbsnyt" 7 "9158" 1 48 3 2 0 0 842
"13520" "cbsnyt" 7 "9158" 1 5 4 2 0 0 776
"13521" "cbsnyt" 7 "9158" 1 3 4 4 0 0 882
"13522" "cbsnyt" 7 "9158" 0 27 2 2 1 0 1324
"13523" "cbsnyt" 7 "9158" 0 5 2 3 1 0 1385
"13524" "cbsnyt" 7 "9158" 0 38 4 2 1 0 612
"13525" "cbsnyt" 7 "9158" 1 5 4 3 1 0 382
"13526" "cbsnyt" 7 "9158" 0 5 1 3 0 0 2989
"13527" "cbsnyt" 7 "9158" 1 5 2 4 0 0 1246
"13528" "cbsnyt" 7 "9158" 1 5 3 2 1 0 332
"13529" "cbsnyt" 7 "9158" NA 5 3 1 1 1 746
"13530" "cbsnyt" 7 "9158" NA 48 2 2 1 0 882
"13531" "cbsnyt" 7 "9158" NA 5 1 1 0 0 1558
"13532" "cbsnyt" 7 "9158" 1 5 4 4 1 0 348
"13533" "cbsnyt" 7 "9158" 0 5 4 1 1 0 727
"13534" "cbsnyt" 7 "9158" 0 32 2 3 1 0 924
"13535" "cbsnyt" 7 "9158" 0 5 4 1 0 0 461
"13536" "cbsnyt" 7 "9158" 1 6 3 1 1 0 506
"13537" "cbsnyt" 7 "9158" NA 5 2 2 0 0 1119
"13538" "cbsnyt" 7 "9158" 1 29 4 1 0 0 923
"13539" "cbsnyt" 7 "9158" 0 5 3 2 1 0 332
"13540" "cbsnyt" 7 "9158" 1 3 2 3 1 0 924
"13541" "cbsnyt" 7 "9158" 1 5 3 1 1 0 1012
"13542" "cbsnyt" 7 "9158" 0 5 2 2 0 0 1119
"13543" "cbsnyt" 7 "9158" 0 5 3 3 1 1 1114
"13544" "cbsnyt" 7 "9158" NA 48 4 4 0 0 441
