nChild <-
13
nInd <-
34
gamma <-
structure(c(0.7425, 10.267, 10.5215, 9.3877, 0.2593, -0.5998, 
10.5891, 6.6701, 8.8921, 12.4275, 12.4788, 13.7778, 5.8374, 6.9485, 
13.7184, 14.3476, 4.8066, 9.1037, 10.7483, 0.3887, 3.2573, 11.6273, 
15.8842, 14.8926, 15.5487, 15.4091, 3.9216, 15.475, 0.4927, 1.3059, 
1.5012, 0.8021, 5.0022, 4.0168, NA, NA, NA, NA, NA, NA, NA, NA, 
NA, NA, NA, NA, NA, NA, NA, NA, NA, NA, NA, 1.0153, 7.0421, 14.4242, 
17.4685, 16.7409, 16.872, 17.0061, 5.2099, 16.9406, 1.3556, 1.8793, 
1.8902, 2.3873, 6.3704, 5.1537, NA, NA, NA, NA, NA, NA, NA, NA, 
NA, NA, NA, NA, NA, NA, NA, NA, NA, NA, NA, NA, NA, NA, NA, NA, 
NA, NA, NA, 17.4944, 2.3016, 2.497, 2.3689, 3.9525, 8.2832, 7.1053, 
NA, NA, NA, NA, NA, NA, NA, NA, NA, NA, NA, NA, NA, NA, NA, NA, 
NA, NA, NA, NA, NA, NA, NA, NA, NA, NA, NA, NA, 3.2535, 3.2306, 
2.9495, 5.3198, 10.4988, 10.3038), .Dim = c(34, 4))
delta <-
c(2.9541, 0.6603, 0.7965, 1.0495, 5.7874, 3.8376, 0.6324, 0.8272, 
0.6968, 0.8747, 0.8136, 0.8246, 0.6711, 0.978, 1.1528, 1.6923, 
1.0331, 0.5381, 1.0688, 8.1123, 0.9974, 1.2656, 1.1802, 1.368, 
1.5435, 1.5006, 1.6766, 1.4297, 3.385, 3.3085, 3.4007, 2.0906, 
1.0954, 1.5329)
ncat <-
c(2, 2, 2, 2, 2, 2, 2, 2, 2, 2, 2, 2, 2, 2, 2, 2, 2, 2, 2, 3, 
3, 3, 3, 3, 3, 3, 3, 4, 5, 5, 5, 5, 5, 5)
grade <-
structure(c(1, 2, 2, 2, 2, 2, 2, 2, 2, 2, 2, 2, 2, 1, 1, 1, 1, 
1, 1, 1, 1, 1, 1, 1, 2, 2, 1, 1, 1, 1, 1, 1, 1, 2, 1, 2, NA, 
2, 2, 1, 1, 1, 1, 1, 1, 1, 2, 2, 2, 2, 2, 2, 1, 2, 2, 2, 2, 2, 
2, 2, 2, 2, 2, 2, 2, 1, 2, 2, 2, 2, 2, 2, 2, 2, 2, 2, 2, 2, 1, 
1, 1, 1, 1, 1, 1, 2, 2, 2, NA, 2, 2, 1, 1, 1, 1, 1, 2, 1, 2, 
2, 2, 2, 2, 2, 1, 1, 1, 1, 2, 1, 1, 1, 2, 2, 2, 2, 2, 1, 1, 1, 
1, 1, 1, NA, NA, 1, 1, 1, 2, 2, 1, 1, 1, 1, 1, 1, NA, NA, 1, 
1, NA, 2, NA, 1, 1, 1, 1, 1, 1, 1, 1, 1, 1, NA, 2, 2, 1, 1, 1, 
NA, 1, 1, 1, 2, 2, 2, 2, 2, 2, 1, 1, 1, 1, 1, 2, 1, 2, 1, 2, 
2, 2, 2, 1, 1, 1, 1, 1, 1, 1, 1, 1, 2, NA, 2, 2, 1, 1, 1, 1, 
1, 1, 1, 1, 1, 1, NA, 2, 2, 1, 1, 1, 1, 2, 2, 2, 2, 2, 2, 2, 
2, 2, 1, 1, 1, 1, 1, NA, NA, 2, 1, NA, 1, 2, 2, 1, 1, 1, 1, 1, 
1, 1, 1, 1, 2, 2, 2, 2, 2, 3, 3, 3, 3, 3, 3, 3, 3, 3, 3, 3, 3, 
1, 1, 1, 1, 2, 2, 3, 2, 3, 3, 3, 3, 3, 1, 1, 1, 1, 1, 1, 1, 1, 
1, 1, NA, 3, 3, 1, 1, 1, 1, 1, 1, 1, 1, 1, 1, 1, 1, NA, 1, 1, 
1, 1, 1, 1, 1, 1, 1, 1, NA, NA, 2, 1, 1, 1, 1, 1, 1, 1, 1, 1, 
1, 1, 2, NA, 1, 1, 1, 1, 1, 1, 1, 1, 1, 1, 1, 1, 2, 1, 1, 1, 
1, 3, 3, 3, 3, 3, 3, 3, 3, 3, 1, 1, 1, 1, 1, 1, 1, 1, 1, 1, 1, 
2, 4, 2, 3, 4, 4, 5, 5, 5, 5, 5, 5, 5, 5, 5, 1, 1, 3, 5, 5, 5, 
5, 5, 5, 5, 5, 5, 5, 1, 1, 3, 4, 5, 5, 5, 5, 5, 5, 5, 5, 5, 2, 
2, 3, 3, 4, 5, 5, 5, 5, 5, 5, 5, 5, 1, 1, 1, 1, 2, 3, 3, 3, 4, 
5, 5, 5, 5, 1, 1, 1, 1, 3, 3, 3, 4, 4, 5, 5, 5, 5), .Dim = c(13, 
34))
