2002 10
 70
 25
 05
2002 5
 72
 25
 03
2001 10
 68
 26
 06
2001 5
 65
 27
 08
2001 2
 67
 25
 08
2000 8
 67
 28
 05
2000 6
 66
 26
 08
2000 2
 66
 28
 06
1999 5
 71
 22
 07
1995 9
 77
 13
 10
1994 9
 80
 16
 04
1991 6
 76
 18
 06
1988 9.5
 79
 16
 05
1988 9
 79
 16
 05
1986 1
 70
 22
 08
1985 9
 75
 17
 08
1985 1
 72
 20
 08
1981 1.5
 66
 25
 09
1978 3
 62
 27
 11
1976 4
 66
 26
 08
1972 11
 57
 32
 11
1972 3
 50
 41
 09
1971 10.5
 49
 40
 11
1969 1
 51
 40
 09
1967 6
 54
 38
 08
1966 5
 42
 47
 11
1965 1
 45
 43
 12
1960 3
 53
 36
 11
1957 8.5
 47
 34
 18
1956 3.5
 53
 34
 13
1953 9
 68
 25
 07
1937 12
 60
 33
 07
