  0
  5
 11
 17
 23
 29
 35
 41
 47
 52
 58
 64
 70
 76
 82
 88
 94
100
106
112
116
120
125
131
137
143
149
155
161
167
173
179
185
191
197
203
207
213
219
225
231
237
243
247
253
259
265
271
277
283
288
293
299
305
311
317
323
329
334
340
346
352
358
362
368
374
380
384
390
395
396
401
407
412
418
424
427
432
438
444
450
456
462
468
474
480
486
487
493
499
505
510
516
522
528
529
535
541
547
548
554
560
566
572
578
579
584
590
596
602
608
614
617
622
628
630
636
638
644
650
656
662
668
672
676
682
683
689
695
699
705
711
717
723
729
735
739
743
749
754
758
764
770
776
782
787
793
799
805
811
817
823
825
827
828
834
840
842
848
854
860
866
872
878
879
885
891
897
902
908
914
919
925
929
935
941
947
953
959
965
971
977
983
988
994
1000
1006
1010
1011
1016
1022
1028
1034
1039
1045
1051
1057
1063
1069
1075
1081
1087
1090
1095
1101
1107
1113
1119
1125
1129
1135
1141
1147
1153
1158
1163
1169
1174
1180
1186
1189
1194
1200
1203
1209
1215
1221
1226
1228
1233
1236
1242
1243
1249
1255
1259
1264
1270
1276
1280
1286
1292
1293
1299
1304
1310
1316
1321
1323
1328
1334
1340
1346
1352
1358
1360
1364
1365
1371
1377
1378
1384
1389
1395
1401
1407
1408
1412
1418
1424
1429
1434
1440
1441
1442
1443
1449
1453
1459
1465
1471
1476
1482
1488
1489
1495
1501
1505
1511
1517
1523
1529
1535
1541
1547
1549
1554
1560
1566
1569
1575
1581
1585
1591
1597
1603
1609
1610
1616
1619
1622
1627
1633
1639
1643
1644
1650
1656
1662
1667
1673
1679
1685
1691
1697
1703
1709
1715
1721
1722
1728
1734
1740
1746
1750
1756
1762
1767
1773
1774
1779
1785
1791
1797
1803
1808
1814
1820
1826
1832
1838
1844
1848
1854
1860
1866
1872
1878
1884
1890
1896
1902
1907
1913
1919
1925
1931
1933
1934
1940
1946
1950
1956
1962
1968
1974
1980
1986
1992
1993
1999
2005
2011
2017
2023
2029
2035
2041
2046
2052
2053
2059
2065
2071
2077
2082
2088
2094
2100
2101
2107
2111
2117
2123
2129
2135
2136
2137
2143
2149
2155
2161
2162
2164
2170
2176
2182
2185
2190
2196
2197
2203
2208
2212
2218
2224
2230
2236
2242
2248
2254
2260
2266
2269
2275
2281
2286
2292
2297
2303
2309
2315
2321
2327
2333
2339
2343
2349
2355
2361
2367
2373
2379
2384
2389
2394
2396
2402
2407
2413
2419
2425
2431
2437
2438
2444
2450
2456
2462
2468
2474
2480
2484
2490
2496
2502
2508
2514
2520
2526
2531
2537
2543
2549
2553
2559
2564
2569
2573
2579
2585
2591
2597
2602
2608
2614
2616
2622
2628
2634
2635
2641
2645
2651
2657
2663
2669
2674
2675
2680
2684
2689
2695
2700
2705
2711
2717
2723
2726
2732
2735
2741
2747
2753
2759
2765
2771
2777
2782
2788
2794
2800
2805
2811
2817
2823
2829
2833
2837
2843
2849
2855
2857
2861
2867
2872
2878
2884
2889
2895
2901
2907
2913
2919
2925
2931
2937
2943
2949
2955
2961
2962
2968
2974
2980
2986
2992
2998
3004
3010
3014
3020
3026
3028
3034
3040
3044
3050
3055
3061
3067
3073
3077
3083
3089
3093
3098
3104
3106
3109
3115
3120
3125
3130
3134
3138
3143
3149
3155
3161
3167
3173
3179
3185
3191
3197
3203
3209
3215
3216
3222
3228
3234
3240
3246
3250
3256
3262
3268
3274
3279
3285
3291
3297
3299
3305
3311
3317
3323
3328
3334
3340
3346
3352
3358
3364
3370
3374
3380
3386
3392
3398
3404
3405
3410
3416
3422
3428
3434
3440
3446
3452
3458
3459
3465
3471
3477
3481
3484
3490
3494
3498
3504
3509
3514
3520
3525
3531
3537
3543
3549
3554
3560
3565
3571
3577
3583
3589
3595
3599
3603
3606
3612
3617
3623
3628
3633
3639
3645
3648
3652
3657
3663
3669
3675
3681
3687
3693
3697
3703
3706
3712
3718
3724
3729
3735
3740
3746
3752
3758
3764
3770
3776
3781
3786
3792
3798
3804
3810
3816
3822
3827
3833
3839
3841
3847
3853
3859
3865
3870
3876
3882
3888
3892
3897
3903
3909
3915
3921
3927
3933
3939
3945
3951
3957
3963
3969
3975
3981
3987
3993
3999
4005
4011
4013
4019
4025
4031
4037
4043
4047
4050
4056
4062
4068
4074
4080
4086
4091
4097
4102
4108
4114
4120
4126
4132
4138
4139
4141
4147
4150
4153
4156
4159
4163
4169
4174
4176
4181
4184
4185
4186
4187
4193
4197
4198
4200
4203
4209
4211
4213
4219
4220
4225
4231
4237
4238
4244
4250
4255
4261
4267
4272
4278
4284
4290
4295
4297
4303
4309
4314
4320
4326
4332
4337
4342
4348
4354
4360
4365
4371
4377
4379
4385
4391
4397
4403
4407
4413
4419
4425
4427
4432
4438
4444
4450
4455
4461
4467
4473
4478
4482
4487
4493
4498
4503
4509
4515
4520
4526
4532
4538
4543
4549
4554
4560
4566
4569
4573
4578
4580
4586
4592
4597
4602
4608
4614
4619
4621
4626
4630
4635
4640
4645
4648
4651
4656
4661
4665
4669
4674
4679
4684
4689
4694
4699
4704
4709
4714
4718
4723
4728
4733
4738
4743
4748
4753
4758
4763
4768
4773
4778
4783
4788
4793
4798
4803
4808
4813
4818
4823
4828
4833
4838
4843
4848
4852
4857
4862
4867
4872
4877
4882
4887
4892
4897
4902
4907
4912
4917
4921
4926
4931
4936
4941
4946
4951
4954
4959
4964
4969
4974
4979
4984
4989
4994
4999
5004
5009
5014
5019
5024
5029
5034
5039
5044
5048
5053
5058
5063
5067
5072
5077
5082
5087
5091
5096
5101
5106
5111
5116
5121
5126
5131
5136
5141
5146
5151
5156
5161
5166
5171
5176
5181
5186
5191
5196
5201
5206
5211
5214
5219
5224
5227
5232
5237
5242
5247
5252
5256
5261
5266
5270
5275
5280
5285
5290
5294
5299
5304
5309
5314
5318
5323
5328
5333
5338
5343
5348
5353
5358
5362
5367
5372
5377
5382
5386
5391
5395
5400
5405
5410
5415
5420
5425
5430
5435
5439
5444
5449
5454
5459
5464
5468
5473
5477
5481
5486
5491
5496
5501
5506
5511
5516
5521
5525
5530
5534
5538
5543
5548
5552
5557
5562
5567
5572
5577
5582
5587
5592
5597
5602
5607
5609
5614
5619
5624
5629
5633
5637
5642
5647
5652
5657
5662
5667
5672
5677
5682
5686
5691
5696
5701
5706
5711
5715
5720
5725
5730
5735
5740
5745
5749
5754
5759
5763
5768
5771
5776
5781
5786
5791
5796
5801
5806
5811
5816
5821
5825
5830
5835
5838
5843
5848
5853
5858
5862
5867
5872
5877
5881
5885
5890
5895
5900
5905
5910
5915
5919
5923
5928
5933
5938
5943
5948
5953
5958
5963
5968
5973
5977
5982
5987
5991
5996
6001
6006
6011
6016
6021
6026
6031
6036
6041
6045
6050
6055
6060
6065
6069
6074
6079
6083
6087
6092
6097
6102
6107
6112
6117
6121
6126
6131
6136
6141
6146
6151
6156
6161
6166
6171
6176
6181
6186
6191
6196
6201
6204
6208
6212
6217
6222
6227
6231
6236
6241
6246
6251
6256
6261
6265
6269
6274
6279
6282
6287
6291
6296
6301
6305
6310
6315
6320
6325
6330
6335
6340
6345
6350
6355
6360
6365
6370
6375
6379
6384
6389
6394
6399
6404
6409
6414
6419
6423
6427
6431
6436
6439
6444
6449
6454
6458
6463
6468
6473
6478
6483
6488
6493
6498
6503
6508
6513
6517
6522
6527
6532
6537
6542
6547
6552
6556
6561
6566
6571
6576
6581
6585
6590
6595
6600
6605
6610
6615
6619
6624
6629
6632
6637
6641
6645
6650
6655
6660
6664
6669
6674
6679
6684
6688
6693
6698
6701
6706
6711
6716
6721
6726
6731
6735
6739
6744
6749
6754
6759
6763
6768
6773
6778
6783
6788
6793
6798
6803
6808
6813
6818
6823
6828
6833
6838
6843
6848
6853
6858
6863
6868
6873
6878
6883
6888
6892
6896
6900
6905
6910
6915
6920
6924
6929
6933
6938
6943
6948
6953
6958
6961
6966
6971
6976
6981
6985
6990
6995
7000
7005
7010
7014
7018
7023
7028
7033
7038
7043
7048
7053
7058
7063
7068
7073
7078
7083
7088
7093
7098
7103
7108
7113
7118
7122
7126
7130
7135
7139
7144
7149
7154
7159
7164
7169
7174
7178
7183
7188
7193
7198
7203
7208
7213
7218
7222
7227
7232
7237
7240
7245
7250
7255
7259
7263
7267
7272
7277
7282
7287
7292
7297
7301
7306
7311
7316
7320
7325
7328
7333
7338
7343
7347
7352
7357
7362
7367
7371
7375
7379
7384
7389
7394
7399
7404
7409
7414
7419
7423
7428
7433
7438
7443
7448
7453
7458
7462
7466
7470
7475
7480
7485
7490
7494
7499
7504
7509
7514
7519
7524
7528
7531
7536
7541
7546
7551
7555
7560
7565
7570
7575
7579
7584
7589
7593
7598
7603
7608
7613
7618
7623
7628
7633
7638
7643
7647
7652
7657
7662
7664
7669
7674
7679
7683
7688
7692
7697
7702
7706
7711
7715
7720
7725
7730
7735
7740
7745
7750
7755
7760
7765
7770
7775
7780
7785
7790
7793
7798
7803
7808
7813
7817
7822
7827
7832
7837
7842
7847
7852
7856
7861
7866
7871
7876
7881
7886
7890
7895
7900
7905
7910
7914
7918
7923
7928
7932
7937
7942
7947
7951
7956
7961
7966
7971
7976
7981
7986
7990
7994
7998
8003
8008
8013
8018
8023
8028
8032
8037
8042
8046
8051
8056
8061
8066
8071
8076
8081
8086
8091
8096
8100
8105
8110
8115
8120
8125
8128
8133
8138
8143
8148
8153
8157
8162
8167
8172
8177
8182
8187
8192
8197
8202
8206
8210
8215
8218
8222
8226
8230
8234
8238
8243
8247
8252
8256
8261
8266
8271
8276
8281
8286
8291
8296
8299
8304
8308
8313
8318
8322
8327
8332
8336
8340
8344
8349
8352
8356
8360
8364
8369
8373
8378
8383
8388
8393
8398
8402
8406
8411
8416
8419
8421
8426
8431
8435
8439
8444
8447
8451
8455
8459
8463
8467
8471
8475
8479
8483
8487
8491
8494
8497
8501
8505
8509
8513
8516
8519
8523
8527
8531
8535
8539
8543
8547
8551
8554
8558
8560
8564
8568
8571
8574
8578
8582
8586
8590
8594
8598
8602
8605
8609
8612
8616
8619
8623
8627
8631
8633
8637
8641
8645
8649
8653
8655
8659
8663
8666
8670
8674
8678
8682
8686
8690
8693
8696
8698
8702
8706
8710
8714
8717
8720
8723
8726
8729
8730
